500 0.863115
500.1 0.863121
500.2 0.863163
500.3 0.863163
500.4 0.863173
500.5 0.863203
500.6 0.863233
500.7 0.863263
500.8 0.863293
500.9 0.863314
501 0.86329
501.1 0.863346
501.2 0.8634
501.3 0.863409
501.4 0.86335
501.5 0.863418
501.6 0.863438
501.7 0.863432
501.8 0.863418
501.9 0.863475
502 0.863447
502.1 0.863365
502.2 0.8635
502.3 0.863642
502.4 0.863674
502.5 0.863699
502.6 0.863466
502.7 0.863608
502.8 0.863613
502.9 0.863816
503 0.863076
503.1 0.863422
503.2 0.863897
503.3 0.863794
503.4 0.86379
503.5 0.863801
503.6 0.862538
503.7 0.86271
503.8 0.86373
503.9 0.862118
504 0.863388
504.1 0.863662
504.2 0.864036
504.3 0.863368
504.4 0.862786
504.5 0.86341
504.6 0.864398
504.7 0.864526
504.8 0.864662
504.9 0.864483
505 0.864455
505.1 0.864815
505.2 0.864741
505.3 0.865029
505.4 0.864618
505.5 0.864852
505.6 0.865235
505.7 0.865266
505.8 0.864342
505.9 0.864359
506 0.864878
506.1 0.864882
506.2 0.865503
506.3 0.865569
506.4 0.865803
506.5 0.865967
506.6 0.866037
506.7 0.865281
506.8 0.865486
506.9 0.865504
507 0.865829
507.1 0.866173
507.2 0.866245
507.3 0.866617
507.4 0.865601
507.5 0.866682
507.6 0.86691
507.7 0.866764
507.8 0.866035
507.9 0.866786
508 0.866922
508.1 0.866295
508.2 0.867359
508.3 0.867483
508.4 0.867601
508.5 0.867335
508.6 0.867529
508.7 0.867866
508.8 0.867138
508.9 0.868079
509 0.868247
509.1 0.868328
509.2 0.868412
509.3 0.868432
509.4 0.868065
509.5 0.868383
509.6 0.868478
509.7 0.868632
509.8 0.868831
509.9 0.869046
510 0.869074
510.1 0.869121
510.2 0.869259
510.3 0.869181
510.4 0.869156
510.5 0.869463
510.6 0.869554
510.7 0.869692
510.8 0.869734
510.9 0.869773
511 0.86992
511.1 0.869919
511.2 0.86989
511.3 0.869979
511.4 0.870173
511.5 0.870222
511.6 0.870261
511.7 0.870368
511.8 0.870366
511.9 0.870497
512 0.870529
512.1 0.870597
512.2 0.870611
512.3 0.870719
512.4 0.870721
512.5 0.870801
512.6 0.87086
512.7 0.870933
512.8 0.870967
512.9 0.871057
513 0.871088
513.1 0.87114
513.2 0.871209
513.3 0.871265
513.4 0.871306
513.5 0.871366
513.6 0.871419
513.7 0.871471
513.8 0.871519
513.9 0.87155
514 0.871622
514.1 0.87167
514.2 0.871701
514.3 0.871753
514.4 0.871823
514.5 0.871878
514.6 0.871932
514.7 0.871979
514.8 0.872005
514.9 0.872026
515 0.872084
515.1 0.872147
515.2 0.872177
515.3 0.872213
515.4 0.872285
515.5 0.872353
515.6 0.872407
515.7 0.872456
515.8 0.872484
515.9 0.872556
516 0.87261
516.1 0.872664
516.2 0.872718
516.3 0.872755
516.4 0.872819
516.5 0.872872
516.6 0.872903
516.7 0.872951
516.8 0.873022
516.9 0.873077
517 0.873127
517.1 0.873179
517.2 0.873218
517.3 0.873286
517.4 0.87334
517.5 0.873395
517.6 0.873447
517.7 0.873483
517.8 0.873552
517.9 0.8736
518 0.87362
518.1 0.873677
518.2 0.873742
518.3 0.873765
518.4 0.873799
518.5 0.873866
518.6 0.873919
518.7 0.873972
518.8 0.874023
518.9 0.87406
519 0.874124
519.1 0.874171
519.2 0.8742
519.3 0.874251
519.4 0.87431
519.5 0.874343
519.6 0.874371
519.7 0.87444
519.8 0.874496
519.9 0.874543
520 0.874589
520.1 0.874629
520.2 0.874648
520.3 0.874678
520.4 0.874735
520.5 0.87477
520.6 0.874796
520.7 0.874814
520.8 0.874835
520.9 0.87486
521 0.874894
521.1 0.874936
521.2 0.874969
521.3 0.875001
521.4 0.875029
521.5 0.875049
521.6 0.875067
521.7 0.875088
521.8 0.875105
521.9 0.875122
522 0.875139
522.1 0.875201
522.2 0.875227
522.3 0.87522
522.4 0.875207
522.5 0.875223
522.6 0.87524
522.7 0.875256
522.8 0.875273
522.9 0.875289
523 0.875306
523.1 0.875322
523.2 0.875339
523.3 0.875346
523.4 0.875352
523.5 0.875357
523.6 0.875346
523.7 0.875366
523.8 0.875376
523.9 0.875377
524 0.875379
524.1 0.875368
524.2 0.875263
524.3 0.875375
524.4 0.875345
524.5 0.875319
524.6 0.875371
524.7 0.875322
524.8 0.875329
524.9 0.875381
525 0.875349
525.1 0.875372
525.2 0.875318
525.3 0.875364
525.4 0.875368
525.5 0.875337
525.6 0.875387
525.7 0.875373
525.8 0.875388
525.9 0.875403
526 0.875403
526.1 0.875397
526.2 0.87536
526.3 0.875373
526.4 0.875387
526.5 0.875371
526.6 0.875372
526.7 0.875357
526.8 0.875244
526.9 0.875359
527 0.875337
527.1 0.875271
527.2 0.875316
527.3 0.875308
527.4 0.875352
527.5 0.875353
527.6 0.875343
527.7 0.875348
527.8 0.875315
527.9 0.875321
528 0.875346
528.1 0.875342
528.2 0.875342
528.3 0.875305
528.4 0.875312
528.5 0.875324
528.6 0.875324
528.7 0.87535
528.8 0.875347
528.9 0.875283
529 0.875362
529.1 0.875376
529.2 0.875314
529.3 0.875377
529.4 0.875354
529.5 0.875367
529.6 0.87538
529.7 0.875393
529.8 0.875406
529.9 0.875389
530 0.875428
530.1 0.875444
530.2 0.875456
530.3 0.875469
530.4 0.875472
530.5 0.875485
530.6 0.875506
530.7 0.875495
530.8 0.87553
530.9 0.875543
531 0.875575
531.1 0.875622
531.2 0.875636
531.3 0.875656
531.4 0.875663
531.5 0.875701
531.6 0.875716
531.7 0.875744
531.8 0.875801
531.9 0.875804
532 0.875852
532.1 0.875903
532.2 0.875948
532.3 0.875976
532.4 0.875999
532.5 0.876059
532.6 0.876113
532.7 0.876154
532.8 0.876191
532.9 0.876223
533 0.87628
533.1 0.876326
533.2 0.876385
533.3 0.876436
533.4 0.876494
533.5 0.876557
533.6 0.876618
533.7 0.876683
533.8 0.876747
533.9 0.876809
534 0.876878
534.1 0.876949
534.2 0.877014
534.3 0.877074
534.4 0.877131
534.5 0.877197
534.6 0.877285
534.7 0.877371
534.8 0.877451
534.9 0.877526
535 0.877589
535.1 0.877673
535.2 0.877753
535.3 0.877837
535.4 0.877914
535.5 0.877981
535.6 0.878051
535.7 0.878148
535.8 0.878226
535.9 0.878303
536 0.878371
536.1 0.878431
536.2 0.878491
536.3 0.878551
536.4 0.878611
536.5 0.878684
536.6 0.87878
536.7 0.878852
536.8 0.878922
536.9 0.878987
537 0.879046
537.1 0.879078
537.2 0.879174
537.3 0.879237
537.4 0.879296
537.5 0.879345
537.6 0.87939
537.7 0.879454
537.8 0.879505
537.9 0.87958
538 0.879638
538.1 0.879676
538.2 0.879696
538.3 0.879738
538.4 0.879752
538.5 0.879826
538.6 0.879889
538.7 0.879891
538.8 0.879975
538.9 0.880029
539 0.880045
539.1 0.880101
539.2 0.880052
539.3 0.880167
539.4 0.880179
539.5 0.880238
539.6 0.880281
539.7 0.88027
539.8 0.880345
539.9 0.880272
540 0.880293
540.1 0.880447
540.2 0.880494
540.3 0.880516
540.4 0.880244
540.5 0.880541
540.6 0.880585
540.7 0.880543
540.8 0.880451
540.9 0.880379
541 0.880313
541.1 0.879996
541.2 0.880721
541.3 0.880665
541.4 0.880493
541.5 0.880499
541.6 0.880047
541.7 0.880861
541.8 0.880686
541.9 0.880785
542 0.880767
542.1 0.880571
542.2 0.880499
542.3 0.880844
542.4 0.880677
542.5 0.880827
542.6 0.880984
542.7 0.88109
542.8 0.88107
542.9 0.8811
543 0.880986
543.1 0.881157
543.2 0.881075
543.3 0.881035
543.4 0.881285
543.5 0.88112
543.6 0.88084
543.7 0.88065
543.8 0.881128
543.9 0.880995
544 0.881184
544.1 0.88136
544.2 0.881471
544.3 0.88136
544.4 0.881157
544.5 0.881363
544.6 0.881487
544.7 0.881562
544.8 0.881517
544.9 0.881485
545 0.88117
545.1 0.88133
545.2 0.881677
545.3 0.88162
545.4 0.881729
545.5 0.881789
545.6 0.881864
545.7 0.881626
545.8 0.881242
545.9 0.88167
546 0.881749
546.1 0.881499
546.2 0.881957
546.3 0.881959
546.4 0.881307
546.5 0.881904
546.6 0.882122
546.7 0.881916
546.8 0.882055
546.9 0.882046
547 0.88228
547.1 0.882306
547.2 0.881952
547.3 0.882415
547.4 0.882439
547.5 0.88229
547.6 0.88252
547.7 0.882537
547.8 0.882381
547.9 0.88248
548 0.882385
548.1 0.882691
548.2 0.882662
548.3 0.882686
548.4 0.882781
548.5 0.882849
548.6 0.882801
548.7 0.882925
548.8 0.882884
548.9 0.882911
549 0.88304
549.1 0.883078
549.2 0.883077
549.3 0.883068
549.4 0.883184
549.5 0.883183
549.6 0.883125
549.7 0.883217
549.8 0.883208
549.9 0.883361
550 0.883346
550.1 0.883396
550.2 0.883436
550.3 0.883423
550.4 0.883512
550.5 0.883519
550.6 0.883615
550.7 0.883636
550.8 0.883646
550.9 0.883656
551 0.883646
551.1 0.883702
551.2 0.883748
551.3 0.883749
551.4 0.883838
551.5 0.883832
551.6 0.883897
551.7 0.883885
551.8 0.88394
551.9 0.883967
552 0.884015
552.1 0.884045
552.2 0.884062
552.3 0.884086
552.4 0.884122
552.5 0.884145
552.6 0.884164
552.7 0.884202
552.8 0.884242
552.9 0.884264
553 0.884268
553.1 0.88427
553.2 0.884284
553.3 0.884327
553.4 0.88435
553.5 0.884368
553.6 0.884397
553.7 0.884418
553.8 0.884446
553.9 0.884469
554 0.884476
554.1 0.884478
554.2 0.884529
554.3 0.884554
554.4 0.884572
554.5 0.884578
554.6 0.88458
554.7 0.884583
554.8 0.884585
554.9 0.884617
555 0.884642
555.1 0.884653
555.2 0.884667
555.3 0.884681
555.4 0.884688
555.5 0.88469
555.6 0.884692
555.7 0.884694
555.8 0.884713
555.9 0.88475
556 0.88475
556.1 0.884719
556.2 0.884703
556.3 0.884704
556.4 0.884745
556.5 0.884761
556.6 0.884769
556.7 0.884776
556.8 0.884778
556.9 0.884771
557 0.884747
557.1 0.884717
557.2 0.884718
557.3 0.884719
557.4 0.88472
557.5 0.884722
557.6 0.884723
557.7 0.884724
557.8 0.884725
557.9 0.884726
558 0.884718
558.1 0.884707
558.2 0.8847
558.3 0.884671
558.4 0.88464
558.5 0.884641
558.6 0.884634
558.7 0.884612
558.8 0.884594
558.9 0.884564
559 0.884554
559.1 0.884548
559.2 0.88454
559.3 0.884522
559.4 0.884505
559.5 0.884465
559.6 0.884461
559.7 0.884455
559.8 0.884442
559.9 0.884419
560 0.884386
560.1 0.884377
560.2 0.884353
560.3 0.884336
560.4 0.884293
560.5 0.884286
560.6 0.884282
560.7 0.884265
560.8 0.884236
560.9 0.884216
561 0.884178
561.1 0.88413
561.2 0.884104
561.3 0.884104
561.4 0.884101
561.5 0.884076
561.6 0.884051
561.7 0.884022
561.8 0.883975
561.9 0.883926
562 0.88392
562.1 0.883919
562.2 0.883902
562.3 0.88388
562.4 0.883857
562.5 0.883826
562.6 0.883808
562.7 0.883777
562.8 0.883756
562.9 0.88373
563 0.883706
563.1 0.883698
563.2 0.88365
563.3 0.883637
563.4 0.883623
563.5 0.883607
563.6 0.8836
563.7 0.883585
563.8 0.883541
563.9 0.883523
564 0.883496
564.1 0.883461
564.2 0.883444
564.3 0.883416
564.4 0.883411
564.5 0.88337
564.6 0.883349
564.7 0.883348
564.8 0.883337
564.9 0.883307
565 0.883285
565.1 0.88322
565.2 0.883245
565.3 0.883221
565.4 0.883194
565.5 0.883153
565.6 0.883135
565.7 0.883092
565.8 0.883085
565.9 0.883055
566 0.883053
566.1 0.883033
566.2 0.882988
566.3 0.882987
566.4 0.882916
566.5 0.88293
566.6 0.882897
566.7 0.88282
566.8 0.882801
566.9 0.8828
567 0.882754
567.1 0.882704
567.2 0.882623
567.3 0.882631
567.4 0.882611
567.5 0.882593
567.6 0.882249
567.7 0.882539
567.8 0.882234
567.9 0.882481
568 0.88243
568.1 0.882125
568.2 0.882181
568.3 0.881754
568.4 0.881937
568.5 0.881162
568.6 0.881945
568.7 0.881341
568.8 0.881993
568.9 0.880142
569 0.881701
569.1 0.880907
569.2 0.880409
569.3 0.881859
569.4 0.87993
569.5 0.881371
569.6 0.881519
569.7 0.88159
569.8 0.881011
569.9 0.881452
570 0.8799
570.1 0.880209
570.2 0.880156
570.3 0.881297
570.4 0.881199
570.5 0.881055
570.6 0.880996
570.7 0.881209
570.8 0.881012
570.9 0.880961
571 0.881043
571.1 0.881025
571.2 0.88085
571.3 0.880441
571.4 0.880825
571.5 0.880785
571.6 0.880278
571.7 0.880715
571.8 0.880675
571.9 0.879677
572 0.880436
572.1 0.879053
572.2 0.880037
572.3 0.880144
572.4 0.879716
572.5 0.879975
572.6 0.880265
572.7 0.880362
572.8 0.879528
572.9 0.880104
573 0.879705
573.1 0.878989
573.2 0.880065
573.3 0.880175
573.4 0.880117
573.5 0.87964
573.6 0.88013
573.7 0.879716
573.8 0.880066
573.9 0.878633
574 0.879814
574.1 0.879963
574.2 0.880017
574.3 0.880019
574.4 0.879184
574.5 0.879824
574.6 0.879834
574.7 0.87828
574.8 0.879918
574.9 0.879761
575 0.88002
575.1 0.880074
575.2 0.879991
575.3 0.879941
575.4 0.880023
575.5 0.879767
575.6 0.879412
575.7 0.879996
575.8 0.880199
575.9 0.880116
576 0.880035
576.1 0.880058
576.2 0.880219
576.3 0.880051
576.4 0.880349
576.5 0.879966
576.6 0.880514
576.7 0.880557
576.8 0.880532
576.9 0.880366
577 0.880725
577.1 0.880556
577.2 0.88068
577.3 0.880587
577.4 0.880555
577.5 0.88073
577.6 0.881115
577.7 0.881176
577.8 0.880992
577.9 0.881356
578 0.881445
578.1 0.881542
578.2 0.881578
578.3 0.881702
578.4 0.88172
578.5 0.881915
578.6 0.882149
578.7 0.88222
578.8 0.882384
578.9 0.882461
579 0.882594
579.1 0.882808
579.2 0.882971
579.3 0.883148
579.4 0.883332
579.5 0.88341
579.6 0.883701
579.7 0.883932
579.8 0.884078
579.9 0.884314
580 0.884388
580.1 0.884702
580.2 0.884907
580.3 0.885135
580.4 0.885357
580.5 0.885516
580.6 0.885649
580.7 0.885785
580.8 0.886022
580.9 0.886276
581 0.886482
581.1 0.886667
581.2 0.886869
581.3 0.887028
581.4 0.887193
581.5 0.887297
581.6 0.887498
581.7 0.887664
581.8 0.887813
581.9 0.888016
582 0.888145
582.1 0.88836
582.2 0.888489
582.3 0.888637
582.4 0.888726
582.5 0.888848
582.6 0.889071
582.7 0.889206
582.8 0.889342
582.9 0.889362
583 0.889518
583.1 0.889734
583.2 0.889792
583.3 0.889905
583.4 0.890062
583.5 0.89018
583.6 0.89017
583.7 0.890402
583.8 0.890576
583.9 0.890626
584 0.890673
584.1 0.890777
584.2 0.890932
584.3 0.891067
584.4 0.891046
584.5 0.891267
584.6 0.891383
584.7 0.891218
584.8 0.891586
584.9 0.891633
585 0.891707
585.1 0.891811
585.2 0.891746
585.3 0.891677
585.4 0.892126
585.5 0.892214
585.6 0.89203
585.7 0.892295
585.8 0.892445
585.9 0.892444
586 0.892598
586.1 0.891862
586.2 0.89273
586.3 0.892271
586.4 0.892823
586.5 0.892801
586.6 0.892825
586.7 0.892372
586.8 0.892859
586.9 0.892769
587 0.892978
587.1 0.893077
587.2 0.892471
587.3 0.892743
587.4 0.893261
587.5 0.892984
587.6 0.893284
587.7 0.892097
587.8 0.89134
587.9 0.893151
588 0.893809
588.1 0.890819
588.2 0.89262
588.3 0.89089
588.4 0.89059
588.5 0.891108
588.6 0.891085
588.7 0.892821
588.8 0.886394
588.9 0.886132
589 0.89194
589.1 0.889732
589.2 0.889228
589.3 0.887039
589.4 0.890319
589.5 0.890326
589.6 0.892908
589.7 0.892277
589.8 0.889383
589.9 0.891348
590 0.887781
590.1 0.890718
590.2 0.886223
590.3 0.885843
590.4 0.891625
590.5 0.892162
590.6 0.893817
590.7 0.892163
590.8 0.894317
590.9 0.891196
591 0.892001
591.1 0.890714
591.2 0.888636
591.3 0.893985
591.4 0.89268
591.5 0.891793
591.6 0.892518
591.7 0.889622
591.8 0.893258
591.9 0.893664
592 0.88851
592.1 0.880517
592.2 0.892237
592.3 0.893845
592.4 0.890148
592.5 0.887889
592.6 0.88858
592.7 0.891839
592.8 0.894458
592.9 0.894931
593 0.891285
593.1 0.89362
593.2 0.894336
593.3 0.894287
593.4 0.886924
593.5 0.894019
593.6 0.893917
593.7 0.893199
593.8 0.894338
593.9 0.894228
594 0.892765
594.1 0.894812
594.2 0.89104
594.3 0.882324
594.4 0.884417
594.5 0.894639
594.6 0.889933
594.7 0.890499
594.8 0.887241
594.9 0.88874
595 0.89321
595.1 0.88696
595.2 0.89211
595.3 0.891802
595.4 0.894409
595.5 0.894169
595.6 0.894289
595.7 0.891957
595.8 0.892009
595.9 0.892739
596 0.885874
596.1 0.893563
596.2 0.893576
596.3 0.893615
596.4 0.892808
596.5 0.894242
596.6 0.894357
596.7 0.893683
596.8 0.890302
596.9 0.890553
597 0.888715
597.1 0.89282
597.2 0.892306
597.3 0.891544
597.4 0.89398
597.5 0.894196
597.6 0.893727
597.7 0.890904
597.8 0.892817
597.9 0.888731
598 0.893069
598.1 0.893914
598.2 0.893043
598.3 0.893115
598.4 0.893692
598.5 0.893761
598.6 0.893678
598.7 0.892127
598.8 0.894092
598.9 0.893106
599 0.892644
599.1 0.892733
599.2 0.892466
599.3 0.893319
599.4 0.8927
599.5 0.893587
599.6 0.892767
599.7 0.894107
599.8 0.893972
599.9 0.89314
600 0.89381
600.1 0.893019
600.2 0.893758
600.3 0.8939
600.4 0.893463
600.5 0.894029
600.6 0.893622
600.7 0.89405
600.8 0.894242
600.9 0.89414
601 0.894091
601.1 0.893914
601.2 0.894328
601.3 0.894153
601.4 0.894156
601.5 0.89437
601.6 0.894435
601.7 0.893647
601.8 0.893885
601.9 0.894501
602 0.894483
602.1 0.894301
602.2 0.894626
602.3 0.894595
602.4 0.894672
602.5 0.894698
602.6 0.894565
602.7 0.894828
602.8 0.894756
602.9 0.894747
603 0.894788
603.1 0.894968
603.2 0.894972
603.3 0.894989
603.4 0.895059
603.5 0.895198
603.6 0.895221
603.7 0.895293
603.8 0.895311
603.9 0.895374
604 0.895468
604.1 0.895524
604.2 0.895532
604.3 0.895614
604.4 0.8957
604.5 0.895691
604.6 0.895816
604.7 0.895853
604.8 0.8959
604.9 0.895965
605 0.896
605.1 0.896051
605.2 0.896132
605.3 0.896213
605.4 0.896293
605.5 0.896373
605.6 0.896436
605.7 0.896493
605.8 0.896553
605.9 0.896601
606 0.896682
606.1 0.896762
606.2 0.896842
606.3 0.896922
606.4 0.897002
606.5 0.897079
606.6 0.897144
606.7 0.897203
606.8 0.897266
606.9 0.897319
607 0.89744
607.1 0.897526
607.2 0.89761
607.3 0.897691
607.4 0.897773
607.5 0.897858
607.6 0.897936
607.7 0.89801
607.8 0.898092
607.9 0.898174
608 0.898249
608.1 0.89832
608.2 0.898391
608.3 0.898426
608.4 0.898552
608.5 0.898655
608.6 0.898742
608.7 0.898822
608.8 0.898894
608.9 0.898963
609 0.899037
609.1 0.899125
609.2 0.89922
609.3 0.899312
609.4 0.899392
609.5 0.899471
609.6 0.89955
609.7 0.899629
609.8 0.899708
609.9 0.899787
610 0.899866
610.1 0.899945
610.2 0.900058
610.3 0.900163
610.4 0.900259
610.5 0.900351
610.6 0.900427
610.7 0.900497
610.8 0.90057
610.9 0.900653
611 0.900746
611.1 0.900827
611.2 0.900906
611.3 0.900985
611.4 0.901063
611.5 0.901142
611.6 0.901221
611.7 0.901299
611.8 0.901373
611.9 0.901452
612 0.901535
612.1 0.901613
612.2 0.901691
612.3 0.90177
612.4 0.901848
612.5 0.901927
612.6 0.902005
612.7 0.902078
612.8 0.902151
612.9 0.902223
613 0.902295
613.1 0.902366
613.2 0.902433
613.3 0.902498
613.4 0.902538
613.5 0.902616
613.6 0.902694
613.7 0.902772
613.8 0.90285
613.9 0.902928
614 0.903006
614.1 0.903082
614.2 0.903149
614.3 0.903196
614.4 0.903229
614.5 0.903302
614.6 0.903379
614.7 0.903457
614.8 0.903535
614.9 0.903611
615 0.903674
615.1 0.903744
615.2 0.903814
615.3 0.903874
615.4 0.903923
615.5 0.903985
615.6 0.904062
615.7 0.90414
615.8 0.904207
615.9 0.904268
616 0.904302
616.1 0.904356
616.2 0.904434
616.3 0.904504
616.4 0.904559
616.5 0.90462
616.6 0.90468
616.7 0.904727
616.8 0.904804
616.9 0.904868
617 0.9049
617.1 0.904942
617.2 0.905019
617.3 0.905072
617.4 0.90512
617.5 0.905156
617.6 0.905233
617.7 0.905308
617.8 0.90534
617.9 0.905371
618 0.905448
618.1 0.905505
618.2 0.905552
618.3 0.905591
618.4 0.905622
618.5 0.905654
618.6 0.905721
618.7 0.90578
618.8 0.905825
618.9 0.905872
619 0.905904
619.1 0.905935
619.2 0.905994
619.3 0.906053
619.4 0.906085
619.5 0.906123
619.6 0.906162
619.7 0.906196
619.8 0.906227
619.9 0.906255
620 0.906292
620.1 0.90634
620.2 0.906371
620.3 0.906402
620.4 0.906433
620.5 0.906464
620.6 0.906495
620.7 0.906522
620.8 0.906551
620.9 0.906588
621 0.906619
621.1 0.906649
621.2 0.90668
621.3 0.906711
621.4 0.906742
621.5 0.906773
621.6 0.906803
621.7 0.906834
621.8 0.906864
621.9 0.906891
622 0.906906
622.1 0.906922
622.2 0.906912
622.3 0.906925
622.4 0.906955
622.5 0.906986
622.6 0.90701
622.7 0.907046
622.8 0.907072
622.9 0.907091
623 0.907076
623.1 0.907075
623.2 0.907105
623.3 0.907136
623.4 0.907166
623.5 0.907196
623.6 0.907227
623.7 0.907253
623.8 0.907286
623.9 0.907306
624 0.907304
624.1 0.907289
624.2 0.907314
624.3 0.907345
624.4 0.90737
624.5 0.907377
624.6 0.907386
624.7 0.907387
624.8 0.907389
624.9 0.907426
625 0.907424
625.1 0.907462
625.2 0.907486
625.3 0.907544
625.4 0.907547
625.5 0.907599
625.6 0.907584
625.7 0.907561
625.8 0.907607
625.9 0.907637
626 0.907581
626.1 0.907674
626.2 0.907726
626.3 0.907294
626.4 0.907648
626.5 0.907809
626.6 0.90764
626.7 0.907722
626.8 0.907824
626.9 0.907258
627 0.907365
627.1 0.907869
627.2 0.907641
627.3 0.907958
627.4 0.906777
627.5 0.908012
627.6 0.908021
627.7 0.90743
627.8 0.90743
627.9 0.8483
628 0.869025
628.1 0.87191
628.2 0.873335
628.3 0.892181
628.4 0.883608
628.5 0.904003
628.6 0.895692
628.7 0.907742
628.8 0.907091
628.9 0.902395
629 0.905972
629.1 0.897796
629.2 0.894391
629.3 0.908316
629.4 0.892804
629.5 0.891403
629.6 0.908119
629.7 0.892687
629.8 0.890537
629.9 0.907724
630 0.893328
630.1 0.891203
630.2 0.909374
630.3 0.909383
630.4 0.8891
630.5 0.900869
630.6 0.909627
630.7 0.906805
630.8 0.889215
630.9 0.90977
631 0.909888
631.1 0.909436
631.2 0.89304
631.3 0.910054
631.4 0.910072
631.5 0.910026
631.6 0.904735
631.7 0.90441
631.8 0.90928
631.9 0.909179
632 0.910621
632.1 0.903525
632.2 0.909513
632.3 0.910582
632.4 0.910731
632.5 0.909877
632.6 0.907013
632.7 0.911362
632.8 0.911167
632.9 0.911607
633 0.911563
633.1 0.909439
633.2 0.911746
633.3 0.911941
633.4 0.91134
633.5 0.911825
633.6 0.911808
633.7 0.911882
633.8 0.912221
633.9 0.912577
634 0.91273
634.1 0.912916
634.2 0.912699
634.3 0.912572
634.4 0.912111
634.5 0.913302
634.6 0.913527
634.7 0.913455
634.8 0.913594
634.9 0.912388
635 0.913962
635.1 0.914091
635.2 0.913546
635.3 0.913744
635.4 0.914313
635.5 0.914514
635.6 0.914666
635.7 0.914406
635.8 0.914901
635.9 0.914975
636 0.914715
636.1 0.914705
636.2 0.915301
636.3 0.914653
636.4 0.91549
636.5 0.91565
636.6 0.915756
636.7 0.915859
636.8 0.915999
636.9 0.916115
637 0.91574
637.1 0.9162
637.2 0.916406
637.3 0.915646
637.4 0.916495
637.5 0.9166
637.6 0.916821
637.7 0.916918
637.8 0.917126
637.9 0.917215
638 0.917338
638.1 0.917246
638.2 0.91753
638.3 0.917543
638.4 0.917432
638.5 0.917667
638.6 0.917848
638.7 0.917961
638.8 0.918091
638.9 0.918189
639 0.918318
639.1 0.918173
639.2 0.918428
639.3 0.918524
639.4 0.91868
639.5 0.918727
639.6 0.918863
639.7 0.918968
639.8 0.919144
639.9 0.919006
640 0.919342
640.1 0.91934
640.2 0.919338
640.3 0.919586
640.4 0.919691
640.5 0.919681
640.6 0.919798
640.7 0.919981
640.8 0.920077
640.9 0.920111
641 0.919785
641.1 0.920086
641.2 0.920415
641.3 0.920451
641.4 0.92061
641.5 0.920607
641.6 0.92061
641.7 0.920822
641.8 0.920802
641.9 0.920767
642 0.921052
642.1 0.920916
642.2 0.921203
642.3 0.921344
642.4 0.921383
642.5 0.921436
642.6 0.921574
642.7 0.921065
642.8 0.921609
642.9 0.921734
643 0.921883
643.1 0.921827
643.2 0.921776
643.3 0.922105
643.4 0.92213
643.5 0.921449
643.6 0.921886
643.7 0.922336
643.8 0.922505
643.9 0.922574
644 0.922573
644.1 0.922367
644.2 0.92243
644.3 0.922642
644.4 0.922854
644.5 0.922387
644.6 0.922726
644.7 0.922673
644.8 0.922996
644.9 0.923056
645 0.922476
645.1 0.922959
645.2 0.923414
645.3 0.923105
645.4 0.923478
645.5 0.9232
645.6 0.922223
645.7 0.923279
645.8 0.923802
645.9 0.92291
646 0.923462
646.1 0.920653
646.2 0.922415
646.3 0.923741
646.4 0.922533
646.5 0.922403
646.6 0.921474
646.7 0.923823
646.8 0.921535
646.9 0.922634
647 0.922241
647.1 0.920773
647.2 0.92232
647.3 0.924012
647.4 0.920796
647.5 0.920953
647.6 0.923801
647.7 0.914493
647.8 0.915813
647.9 0.921232
648 0.924985
648.1 0.920987
648.2 0.917904
648.3 0.923803
648.4 0.925013
648.5 0.917092
648.6 0.918097
648.7 0.922894
648.8 0.924589
648.9 0.921103
649 0.924018
649.1 0.923249
649.2 0.924959
649.3 0.917843
649.4 0.925507
649.5 0.917853
649.6 0.92467
649.7 0.925391
649.8 0.918099
649.9 0.923215
650 0.925943
650.1 0.926197
650.2 0.92604
650.3 0.925927
650.4 0.925588
650.5 0.925122
650.6 0.92461
650.7 0.926576
650.8 0.926434
650.9 0.926107
651 0.92322
651.1 0.92639
651.2 0.926771
651.3 0.926768
651.4 0.922803
651.5 0.92624
651.6 0.922269
651.7 0.921281
651.8 0.911275
651.9 0.922074
652 0.924285
652.1 0.92073
652.2 0.927149
652.3 0.927393
652.4 0.926137
652.5 0.925443
652.6 0.922403
652.7 0.927578
652.8 0.927225
652.9 0.927287
653 0.927779
653.1 0.927802
653.2 0.926689
653.3 0.927708
653.4 0.922071
653.5 0.927906
653.6 0.92407
653.7 0.927335
653.8 0.927106
653.9 0.92692
654 0.928259
654.1 0.928024
654.2 0.927984
654.3 0.928397
654.4 0.925589
654.5 0.927856
654.6 0.919822
654.7 0.928288
654.8 0.927598
654.9 0.92708
655 0.922063
655.1 0.9269
655.2 0.928863
655.3 0.928935
655.4 0.922082
655.5 0.92708
655.6 0.92642
655.7 0.928355
655.8 0.929027
655.9 0.925487
656 0.927118
656.1 0.929321
656.2 0.927687
656.3 0.928142
656.4 0.928661
656.5 0.927945
656.6 0.924178
656.7 0.929358
656.8 0.92937
656.9 0.929713
657 0.929188
657.1 0.927588
657.2 0.929432
657.3 0.929438
657.4 0.924984
657.5 0.929715
657.6 0.92974
657.7 0.923079
657.8 0.929829
657.9 0.930298
658 0.930361
658.1 0.930038
658.2 0.930242
658.3 0.928547
658.4 0.930186
658.5 0.928927
658.6 0.930588
658.7 0.93015
658.8 0.927427
658.9 0.929999
659 0.930242
659.1 0.930752
659.2 0.930953
659.3 0.930852
659.4 0.930969
659.5 0.930526
659.6 0.930088
659.7 0.93115
659.8 0.930955
659.9 0.931022
660 0.931289
660.1 0.929642
660.2 0.931194
660.3 0.931459
660.4 0.930422
660.5 0.931376
660.6 0.93164
660.7 0.931067
660.8 0.931737
660.9 0.931742
661 0.931862
661.1 0.931766
661.2 0.931861
661.3 0.931915
661.4 0.931129
661.5 0.932081
661.6 0.932128
661.7 0.932077
661.8 0.932177
661.9 0.93221
662 0.932288
662.1 0.932275
662.2 0.932407
662.3 0.93234
662.4 0.932405
662.5 0.932432
662.6 0.932601
662.7 0.932626
662.8 0.932391
662.9 0.932755
663 0.932465
663.1 0.93269
663.2 0.932904
663.3 0.932909
663.4 0.932871
663.5 0.932783
663.6 0.933081
663.7 0.933055
663.8 0.933166
663.9 0.933217
664 0.933213
664.1 0.933322
664.2 0.933344
664.3 0.933322
664.4 0.93319
664.5 0.93325
664.6 0.93337
664.7 0.933626
664.8 0.933624
664.9 0.933704
665 0.933751
665.1 0.933545
665.2 0.933874
665.3 0.933919
665.4 0.933905
665.5 0.933924
665.6 0.934065
665.7 0.934049
665.8 0.934142
665.9 0.934207
666 0.934244
666.1 0.934302
666.2 0.934214
666.3 0.934405
666.4 0.934266
666.5 0.934521
666.6 0.934571
666.7 0.934419
666.8 0.934666
666.9 0.934725
667 0.934774
667.1 0.934823
667.2 0.934872
667.3 0.934786
667.4 0.934936
667.5 0.935
667.6 0.935064
667.7 0.935103
667.8 0.935131
667.9 0.935196
668 0.935262
668.1 0.935322
668.2 0.935373
668.3 0.935422
668.4 0.935455
668.5 0.935434
668.6 0.935504
668.7 0.935614
668.8 0.935663
668.9 0.935712
669 0.935726
669.1 0.935803
669.2 0.935854
669.3 0.935908
669.4 0.935943
669.5 0.935988
669.6 0.936019
669.7 0.936084
669.8 0.936134
669.9 0.936193
670 0.936242
670.1 0.936271
670.2 0.936335
670.3 0.936379
670.4 0.93643
670.5 0.936477
670.6 0.936519
670.7 0.936543
670.8 0.936608
670.9 0.936664
671 0.936703
671.1 0.936725
671.2 0.936772
671.3 0.936837
671.4 0.936901
671.5 0.936953
671.6 0.937001
671.7 0.937048
671.8 0.937071
671.9 0.937129
672 0.937191
672.1 0.937232
672.2 0.937254
672.3 0.937292
672.4 0.937357
672.5 0.937421
672.6 0.937461
672.7 0.937519
672.8 0.937566
672.9 0.937598
673 0.937648
673.1 0.937703
673.2 0.937747
673.3 0.937781
673.4 0.93781
673.5 0.937875
673.6 0.937925
673.7 0.937964
673.8 0.937986
673.9 0.938036
674 0.9381
674.1 0.938146
674.2 0.938168
674.3 0.938198
674.4 0.938262
674.5 0.938313
674.6 0.938351
674.7 0.938372
674.8 0.938423
674.9 0.93848
675 0.938522
675.1 0.938554
675.2 0.938584
675.3 0.938648
675.4 0.9387
675.5 0.938736
675.6 0.938758
675.7 0.938808
675.8 0.938867
675.9 0.938909
676 0.938939
676.1 0.938968
676.2 0.939032
676.3 0.939087
676.4 0.93912
676.5 0.939142
676.6 0.939192
676.7 0.939256
676.8 0.939301
676.9 0.939323
677 0.939352
677.1 0.939415
677.2 0.939468
677.3 0.939504
677.4 0.939525
677.5 0.939574
677.6 0.939633
677.7 0.939674
677.8 0.939706
677.9 0.939733
678 0.939796
678.1 0.93984
678.2 0.93988
678.3 0.939907
678.4 0.939942
678.5 0.939986
678.6 0.940033
678.7 0.940071
678.8 0.940101
678.9 0.94013
679 0.940151
679.1 0.940207
679.2 0.94026
679.3 0.940298
679.4 0.940331
679.5 0.940365
679.6 0.940406
679.7 0.940448
679.8 0.940475
679.9 0.940452
680 0.940553
680.1 0.940574
680.2 0.940569
680.3 0.940665
680.4 0.940699
680.5 0.940723
680.6 0.940689
680.7 0.940795
680.8 0.940816
680.9 0.940802
681 0.940913
681.1 0.940949
681.2 0.940983
681.3 0.941001
681.4 0.941037
681.5 0.941053
681.6 0.940993
681.7 0.941155
681.8 0.941168
681.9 0.94108
682 0.941249
682.1 0.941275
682.2 0.941301
682.3 0.941269
682.4 0.941381
682.5 0.941342
682.6 0.941251
682.7 0.941326
682.8 0.941499
682.9 0.941472
683 0.941558
683.1 0.941474
683.2 0.941631
683.3 0.941687
683.4 0.941715
683.5 0.94159
683.6 0.941727
683.7 0.941799
683.8 0.941826
683.9 0.941875
684 0.94183
684.1 0.941761
684.2 0.94194
684.3 0.941939
684.4 0.941712
684.5 0.941998
684.6 0.942019
684.7 0.942091
684.8 0.942056
684.9 0.942226
685 0.942124
685.1 0.942276
685.2 0.942316
685.3 0.942377
685.4 0.9424
685.5 0.942155
685.6 0.942247
685.7 0.94253
685.8 0.942505
685.9 0.94258
686 0.942557
686.1 0.942577
686.2 0.942548
686.3 0.942628
686.4 0.942641
686.5 0.94246
686.6 0.942365
686.7 0.942282
686.8 0.941332
686.9 0.744195
687 0.609916
687.1 0.683795
687.2 0.702632
687.3 0.638633
687.4 0.770608
687.5 0.759381
687.6 0.73241
687.7 0.738
687.8 0.844353
687.9 0.767516
688 0.846828
688.1 0.821336
688.2 0.865173
688.3 0.941232
688.4 0.941525
688.5 0.938815
688.6 0.831384
688.7 0.931492
688.8 0.804056
688.9 0.796066
689 0.931311
689.1 0.783228
689.2 0.771149
689.3 0.933699
689.4 0.782037
689.5 0.760017
689.6 0.931452
689.7 0.934248
689.8 0.779063
689.9 0.775082
690 0.938677
690.1 0.937463
690.2 0.792809
690.3 0.792799
690.4 0.940421
690.5 0.940152
690.6 0.813787
690.7 0.809774
690.8 0.939015
690.9 0.941089
691 0.861712
691.1 0.81033
691.2 0.936558
691.3 0.940891
691.4 0.942403
691.5 0.855495
691.6 0.853344
691.7 0.941973
691.8 0.942389
691.9 0.942086
692 0.876819
692.1 0.874914
692.2 0.943702
692.3 0.943153
692.4 0.940822
692.5 0.88966
692.6 0.89035
692.7 0.942792
692.8 0.943993
692.9 0.939296
693 0.943587
693.1 0.879551
693.2 0.924949
693.3 0.939196
693.4 0.93778
693.5 0.94015
693.6 0.914703
693.7 0.924734
693.8 0.942761
693.9 0.944458
694 0.925397
694.1 0.940957
694.2 0.906637
694.3 0.926913
694.4 0.923808
694.5 0.944733
694.6 0.926387
694.7 0.945671
694.8 0.942991
694.9 0.920822
695 0.933369
695.1 0.929314
695.2 0.945089
695.3 0.93687
695.4 0.944855
695.5 0.939962
695.6 0.934944
695.7 0.945195
695.8 0.909489
695.9 0.942238
696 0.945434
696.1 0.931544
696.2 0.943933
696.3 0.922504
696.4 0.945905
696.5 0.946303
696.6 0.941597
696.7 0.943142
696.8 0.946687
696.9 0.946495
697 0.946376
697.1 0.94675
697.2 0.945563
697.3 0.940981
697.4 0.945468
697.5 0.946349
697.6 0.946308
697.7 0.9464
697.8 0.946549
697.9 0.940888
698 0.945733
698.1 0.945411
698.2 0.946503
698.3 0.941924
698.4 0.945649
698.5 0.947267
698.6 0.946486
698.7 0.94371
698.8 0.939518
698.9 0.935847
699 0.94332
699.1 0.924804
699.2 0.93937
699.3 0.944591
699.4 0.945438
699.5 0.935192
699.6 0.934125
699.7 0.945454
699.8 0.947431
699.9 0.947201
700 0.942181
700.1 0.925782
700.2 0.947
700.3 0.946358
700.4 0.944407
700.5 0.947196
700.6 0.94171
700.7 0.925284
700.8 0.942179
700.9 0.9455
701 0.944981
701.1 0.946169
701.2 0.94348
701.3 0.934433
701.4 0.947273
701.5 0.947212
701.6 0.947033
701.7 0.943265
701.8 0.921965
701.9 0.943519
702 0.948065
702.1 0.943295
702.2 0.946419
702.3 0.944296
702.4 0.946317
702.5 0.933176
702.6 0.945655
702.7 0.945817
702.8 0.94466
702.9 0.924651
703 0.940417
703.1 0.94658
703.2 0.947921
703.3 0.947829
703.4 0.948252
703.5 0.948826
703.6 0.948815
703.7 0.948763
703.8 0.948485
703.9 0.939664
704 0.94431
704.1 0.944258
704.2 0.933809
704.3 0.948436
704.4 0.945792
704.5 0.948486
704.6 0.947049
704.7 0.948251
704.8 0.949044
704.9 0.943978
705 0.947883
705.1 0.947938
705.2 0.947202
705.3 0.939668
705.4 0.944704
705.5 0.940217
705.6 0.948597
705.7 0.947455
705.8 0.948154
705.9 0.942527
706 0.946592
706.1 0.94808
706.2 0.946305
706.3 0.94648
706.4 0.948205
706.5 0.945609
706.6 0.948482
706.7 0.946984
706.8 0.943311
706.9 0.947863
707 0.948444
707.1 0.948419
707.2 0.949099
707.3 0.948959
707.4 0.946253
707.5 0.948379
707.6 0.948892
707.7 0.947315
707.8 0.948563
707.9 0.949187
708 0.943764
708.1 0.945634
708.2 0.947677
708.3 0.948237
708.4 0.949443
708.5 0.949277
708.6 0.949964
708.7 0.949222
708.8 0.948417
708.9 0.950079
709 0.944027
709.1 0.94921
709.2 0.949273
709.3 0.948251
709.4 0.950194
709.5 0.949215
709.6 0.948539
709.7 0.949029
709.8 0.948811
709.9 0.949459
710 0.949112
710.1 0.947741
710.2 0.948779
710.3 0.948885
710.4 0.948098
710.5 0.949697
710.6 0.949417
710.7 0.949865
710.8 0.94649
710.9 0.949997
711 0.950004
711.1 0.948426
711.2 0.949778
711.3 0.949521
711.4 0.949129
711.5 0.950716
711.6 0.949744
711.7 0.949978
711.8 0.949658
711.9 0.950836
712 0.947011
712.1 0.950205
712.2 0.949721
712.3 0.950908
712.4 0.94945
712.5 0.949906
712.6 0.950198
712.7 0.950397
712.8 0.950545
712.9 0.950851
713 0.947641
713.1 0.94893
713.2 0.949397
713.3 0.949363
713.4 0.949891
713.5 0.950552
713.6 0.948906
713.7 0.950921
713.8 0.951108
713.9 0.947507
714 0.949059
714.1 0.951105
714.2 0.948882
714.3 0.950148
714.4 0.950122
714.5 0.947597
714.6 0.951153
714.7 0.94997
714.8 0.949496
714.9 0.949954
715 0.943903
715.1 0.950751
715.2 0.948003
715.3 0.942868
715.4 0.950494
715.5 0.949905
715.6 0.949951
715.7 0.950013
715.8 0.946513
715.9 0.950704
716 0.950092
716.1 0.941713
716.2 0.950665
716.3 0.951105
716.4 0.945093
716.5 0.948883
716.6 0.939034
716.7 0.948331
716.8 0.942355
716.9 0.929231
717 0.907763
717.1 0.943804
717.2 0.921854
717.3 0.926635
717.4 0.943109
717.5 0.874179
717.6 0.907196
717.7 0.948786
717.8 0.920629
717.9 0.871693
718 0.908412
718.1 0.941693
718.2 0.948615
718.3 0.919303
718.4 0.883579
718.5 0.948107
718.6 0.877219
718.7 0.870715
718.8 0.848509
718.9 0.830031
719 0.938373
719.1 0.945661
719.2 0.951014
719.3 0.875072
719.4 0.873043
719.5 0.924162
719.6 0.873254
719.7 0.92098
719.8 0.937496
719.9 0.924242
720 0.897279
720.1 0.943969
720.2 0.903887
720.3 0.811812
720.4 0.941882
720.5 0.947095
720.6 0.8502
720.7 0.943025
720.8 0.861447
720.9 0.930436
721 0.949105
721.1 0.934025
721.2 0.932124
721.3 0.940657
721.4 0.948582
721.5 0.95247
721.6 0.951302
721.7 0.94982
721.8 0.939844
721.9 0.93263
722 0.9427
722.1 0.94813
722.2 0.951883
722.3 0.952364
722.4 0.95277
722.5 0.943173
722.6 0.911452
722.7 0.951699
722.8 0.952352
722.9 0.932816
723 0.927784
723.1 0.952171
723.2 0.952021
723.3 0.947193
723.4 0.926369
723.5 0.862358
723.6 0.926102
723.7 0.843039
723.8 0.902958
723.9 0.951539
724 0.948385
724.1 0.950102
724.2 0.923558
724.3 0.83066
724.4 0.95231
724.5 0.925994
724.6 0.863544
724.7 0.94604
724.8 0.9124
724.9 0.923524
725 0.952313
725.1 0.935691
725.2 0.931701
725.3 0.949261
725.4 0.879033
725.5 0.882687
725.6 0.899738
725.7 0.952724
725.8 0.951797
725.9 0.927439
726 0.921168
726.1 0.945558
726.2 0.945087
726.3 0.929214
726.4 0.935159
726.5 0.934286
726.6 0.935042
726.7 0.898849
726.8 0.865176
726.9 0.953599
727 0.95056
727.1 0.951419
727.2 0.922234
727.3 0.951745
727.4 0.951821
727.5 0.855245
727.6 0.949829
727.7 0.911912
727.8 0.921618
727.9 0.849781
728 0.919603
728.1 0.946105
728.2 0.945047
728.3 0.941793
728.4 0.935412
728.5 0.947807
728.6 0.953986
728.7 0.953083
728.8 0.953748
728.9 0.90832
729 0.919618
729.1 0.953557
729.2 0.874395
729.3 0.91702
729.4 0.933145
729.5 0.928344
729.6 0.944188
729.7 0.925618
729.8 0.94194
729.9 0.953033
730 0.94951
730.1 0.953738
730.2 0.919916
730.3 0.947759
730.4 0.938397
730.5 0.899462
730.6 0.88974
730.7 0.948963
730.8 0.948281
730.9 0.954644
731 0.953909
731.1 0.923671
731.2 0.911978
731.3 0.938932
731.4 0.950646
731.5 0.925977
731.6 0.953642
731.7 0.944308
731.8 0.939059
731.9 0.925068
732 0.93238
732.1 0.919355
732.2 0.955102
732.3 0.94639
732.4 0.954866
732.5 0.955124
732.6 0.943063
732.7 0.951994
732.8 0.955203
732.9 0.935359
733 0.951285
733.1 0.954546
733.2 0.955028
733.3 0.940879
733.4 0.955398
733.5 0.942506
733.6 0.935823
733.7 0.942393
733.8 0.953404
733.9 0.954942
734 0.955979
734.1 0.954887
734.2 0.953822
734.3 0.953159
734.4 0.955046
734.5 0.956119
734.6 0.943249
734.7 0.94658
734.8 0.955753
734.9 0.95471
735 0.949663
735.1 0.94455
735.2 0.943322
735.3 0.956084
735.4 0.956256
735.5 0.951804
735.6 0.953208
735.7 0.953348
735.8 0.951414
735.9 0.948085
736 0.955717
736.1 0.952435
736.2 0.946209
736.3 0.950192
736.4 0.951134
736.5 0.954944
736.6 0.944302
736.7 0.953025
736.8 0.950083
736.9 0.955652
737 0.952689
737.1 0.93926
737.2 0.953721
737.3 0.953118
737.4 0.952791
737.5 0.955518
737.6 0.953754
737.7 0.956454
737.8 0.955076
737.9 0.956145
738 0.949579
738.1 0.956009
738.2 0.956207
738.3 0.955363
738.4 0.951128
738.5 0.952253
738.6 0.946473
738.7 0.956675
738.8 0.956843
738.9 0.956441
739 0.956822
739.1 0.95528
739.2 0.951005
739.3 0.950054
739.4 0.953845
739.5 0.956264
739.6 0.956643
739.7 0.957064
739.8 0.950303
739.9 0.951428
740 0.956065
740.1 0.956038
740.2 0.957102
740.3 0.956186
740.4 0.956882
740.5 0.956976
740.6 0.955877
740.7 0.957011
740.8 0.955865
740.9 0.956496
741 0.955939
741.1 0.956988
741.2 0.95611
741.3 0.95285
741.4 0.957305
741.5 0.957308
741.6 0.957171
741.7 0.955398
741.8 0.955948
741.9 0.957255
742 0.957239
742.1 0.957447
742.2 0.957322
742.3 0.955516
742.4 0.957318
742.5 0.956686
742.6 0.957284
742.7 0.955443
742.8 0.955842
742.9 0.9575
743 0.957041
743.1 0.957515
743.2 0.957537
743.3 0.957357
743.4 0.957528
743.5 0.957421
743.6 0.957556
743.7 0.957335
743.8 0.957544
743.9 0.957547
744 0.957404
744.1 0.957527
744.2 0.957444
744.3 0.956502
744.4 0.957402
744.5 0.957647
744.6 0.957606
744.7 0.957706
744.8 0.957614
744.9 0.95776
745 0.95777
745.1 0.957652
745.2 0.957693
745.3 0.957665
745.4 0.957464
745.5 0.957782
745.6 0.957693
745.7 0.957621
745.8 0.957729
745.9 0.957865
746 0.957617
746.1 0.957723
746.2 0.957817
746.3 0.957911
746.4 0.957932
746.5 0.957953
746.6 0.957973
746.7 0.957986
746.8 0.957972
746.9 0.957813
747 0.957902
747.1 0.957941
747.2 0.957963
747.3 0.95805
747.4 0.958064
747.5 0.958093
747.6 0.958122
747.7 0.958099
747.8 0.958136
747.9 0.958067
748 0.958151
748.1 0.958204
748.2 0.958186
748.3 0.958215
748.4 0.958268
748.5 0.958282
748.6 0.958295
748.7 0.958316
748.8 0.958365
748.9 0.958366
749 0.9584
749.1 0.958382
749.2 0.958414
749.3 0.958481
749.4 0.958498
749.5 0.95846
749.6 0.958532
749.7 0.958519
749.8 0.958607
749.9 0.958605
750 0.958658
750.1 0.958668
750.2 0.958675
750.3 0.958725
750.4 0.958738
750.5 0.958717
750.6 0.958788
750.7 0.958787
750.8 0.958837
750.9 0.958903
751 0.958902
751.1 0.958929
751.2 0.958958
751.3 0.95901
751.4 0.959039
751.5 0.959065
751.6 0.959081
751.7 0.95908
751.8 0.95911
751.9 0.959114
752 0.959182
752.1 0.959226
752.2 0.959243
752.3 0.959279
752.4 0.959288
752.5 0.959316
752.6 0.95933
752.7 0.959354
752.8 0.959406
752.9 0.959445
753 0.959462
753.1 0.959473
753.2 0.959508
753.3 0.959522
753.4 0.959535
753.5 0.959578
753.6 0.95963
753.7 0.959649
753.8 0.959686
753.9 0.959699
754 0.959713
754.1 0.959727
754.2 0.959749
754.3 0.9598
754.4 0.959836
754.5 0.95986
754.6 0.959884
754.7 0.959904
754.8 0.959918
754.9 0.959931
755 0.959952
755.1 0.959999
755.2 0.960028
755.3 0.960051
755.4 0.960065
755.5 0.960098
755.6 0.960122
755.7 0.960135
755.8 0.960144
755.9 0.960162
756 0.960198
756.1 0.960213
756.2 0.960252
756.3 0.960279
756.4 0.9603
756.5 0.960321
756.6 0.960343
756.7 0.960363
756.8 0.960379
756.9 0.960392
757 0.960405
757.1 0.960419
757.2 0.960432
757.3 0.960483
757.4 0.960497
757.5 0.960509
757.6 0.960545
757.7 0.960565
757.8 0.960562
757.9 0.960604
758 0.960623
758.1 0.960642
758.2 0.960658
758.3 0.960628
758.4 0.960643
758.5 0.960661
758.6 0.960645
758.7 0.960582
758.8 0.960472
758.9 0.960291
759 0.960014
759.1 0.959587
759.2 0.958933
759.3 0.957876
759.4 0.955988
759.5 0.950054
759.6 0.647892
759.7 0.462716
759.8 0.435365
759.9 0.505319
760 0.567893
760.1 0.314475
760.2 0.349364
760.3 0.446762
760.4 0.163093
760.5 0.424976
760.6 0.216289
760.7 0.3638
760.8 0.301918
760.9 0.262583
761 0.304258
761.1 0.376418
761.2 0.372721
761.3 0.491424
761.4 0.350064
761.5 0.396635
761.6 0.76475
761.7 0.458346
761.8 0.556789
761.9 0.90204
762 0.942525
762.1 0.943257
762.2 0.895536
762.3 0.464531
762.4 0.860214
762.5 0.5343
762.6 0.521476
762.7 0.493208
762.8 0.854612
762.9 0.353054
763 0.363115
763.1 0.68754
763.2 0.83395
763.3 0.344426
763.4 0.326633
763.5 0.726843
763.6 0.85351
763.7 0.424476
763.8 0.386931
763.9 0.619521
764 0.87727
764.1 0.759717
764.2 0.390271
764.3 0.385258
764.4 0.878426
764.5 0.891885
764.6 0.479954
764.7 0.454386
764.8 0.712907
764.9 0.915834
765 0.916234
765.1 0.494187
765.2 0.474082
765.3 0.863275
765.4 0.931677
765.5 0.932229
765.6 0.576854
765.7 0.56267
765.8 0.881281
765.9 0.943406
766 0.948563
766.1 0.763132
766.2 0.69811
766.3 0.739463
766.4 0.949151
766.5 0.955947
766.6 0.947489
766.7 0.715516
766.8 0.710379
766.9 0.948444
767 0.956681
767.1 0.957553
767.2 0.947188
767.3 0.781691
767.4 0.782012
767.5 0.957516
767.6 0.960522
767.7 0.959959
767.8 0.953691
767.9 0.837241
768 0.836609
768.1 0.960329
768.2 0.961534
768.3 0.961355
768.4 0.960836
768.5 0.878639
768.6 0.876116
768.7 0.961142
768.8 0.961178
768.9 0.960756
769 0.960187
769.1 0.911327
769.2 0.907731
769.3 0.959509
769.4 0.960342
769.5 0.960454
769.6 0.960044
769.7 0.960252
769.8 0.933395
769.9 0.932434
770 0.960569
770.1 0.961657
770.2 0.960686
770.3 0.960609
770.4 0.961124
770.5 0.950265
770.6 0.949071
770.7 0.961892
770.8 0.962274
770.9 0.962286
771 0.962298
771.1 0.962311
771.2 0.956869
771.3 0.957503
771.4 0.962014
771.5 0.961649
771.6 0.960872
771.7 0.962383
771.8 0.960904
771.9 0.960314
772 0.959109
772.1 0.962365
772.2 0.961068
772.3 0.961771
772.4 0.960429
772.5 0.962452
772.6 0.962428
772.7 0.960106
772.8 0.959825
772.9 0.962461
773 0.962451
773.1 0.960868
773.2 0.960714
773.3 0.962431
773.4 0.962496
773.5 0.962348
773.6 0.96101
773.7 0.961062
773.8 0.962524
773.9 0.962538
774 0.96254
774.1 0.961551
774.2 0.961474
774.3 0.962506
774.4 0.962514
774.5 0.962525
774.6 0.961888
774.7 0.961853
774.8 0.962555
774.9 0.962576
775 0.962579
775.1 0.962567
775.2 0.962156
775.3 0.962141
775.4 0.962596
775.5 0.962582
775.6 0.96257
775.7 0.962391
775.8 0.962388
775.9 0.962506
776 0.962618
776.1 0.96263
776.2 0.962642
776.3 0.962521
776.4 0.962528
776.5 0.962652
776.6 0.962676
776.7 0.962684
776.8 0.962692
776.9 0.96269
777 0.962647
777.1 0.962646
777.2 0.962723
777.3 0.962731
777.4 0.962739
777.5 0.962748
777.6 0.962726
777.7 0.962724
777.8 0.962706
777.9 0.962748
778 0.96276
778.1 0.962772
778.2 0.962784
778.3 0.962795
778.4 0.962801
778.5 0.962819
778.6 0.962831
778.7 0.962843
778.8 0.962855
778.9 0.962866
779 0.962872
779.1 0.96289
779.2 0.962902
779.3 0.962914
779.4 0.962828
779.5 0.962899
779.6 0.962949
779.7 0.962961
779.8 0.962996
779.9 0.963007
780 0.963044
780.1 0.963062
780.2 0.963079
780.3 0.963096
780.4 0.963108
780.5 0.962877
780.6 0.963145
780.7 0.963165
780.8 0.963182
780.9 0.963198
781 0.96321
781.1 0.963191
781.2 0.963206
781.3 0.963245
781.4 0.963256
781.5 0.963268
781.6 0.963295
781.7 0.963321
781.8 0.963359
781.9 0.963312
782 0.963359
782.1 0.963292
782.2 0.963351
782.3 0.963418
782.4 0.963386
782.5 0.963481
782.6 0.963492
782.7 0.963466
782.8 0.963502
782.9 0.963566
783 0.963514
783.1 0.963536
783.2 0.963638
783.3 0.963666
783.4 0.963626
783.5 0.96353
783.6 0.963704
783.7 0.963715
783.8 0.963726
783.9 0.96355
784 0.963768
784.1 0.96362
784.2 0.963109
784.3 0.963557
784.4 0.963893
784.5 0.963917
784.6 0.963935
784.7 0.963688
784.8 0.963231
784.9 0.963244
785 0.964021
785.1 0.963545
785.2 0.964032
785.3 0.963853
785.4 0.964104
785.5 0.964124
785.6 0.963249
785.7 0.96289
785.8 0.963941
785.9 0.964217
786 0.964054
786.1 0.964014
786.2 0.96425
786.3 0.963371
786.4 0.963818
786.5 0.963287
786.6 0.964005
786.7 0.962245
786.8 0.958772
786.9 0.963107
787 0.964126
787.1 0.964389
787.2 0.96057
787.3 0.963143
787.4 0.964437
787.5 0.961223
787.6 0.964374
787.7 0.962769
787.8 0.961872
787.9 0.957243
788 0.964511
788.1 0.964519
788.2 0.962217
788.3 0.959845
788.4 0.962745
788.5 0.964607
788.6 0.964508
788.7 0.96154
788.8 0.963146
788.9 0.95636
789 0.964464
789.1 0.962491
789.2 0.962143
789.3 0.960777
789.4 0.956649
789.5 0.964179
789.6 0.95498
789.7 0.961882
789.8 0.943417
789.9 0.964333
790 0.964868
790.1 0.964889
790.2 0.964172
790.3 0.959951
790.4 0.947204
790.5 0.960395
790.6 0.963416
790.7 0.964985
790.8 0.964881
790.9 0.964341
791 0.964321
791.1 0.947748
791.2 0.96129
791.3 0.959471
791.4 0.962631
791.5 0.964946
791.6 0.965141
791.7 0.964953
791.8 0.957457
791.9 0.962887
792 0.958791
792.1 0.965068
792.2 0.96476
792.3 0.948873
792.4 0.96509
792.5 0.965003
792.6 0.961964
792.7 0.957469
792.8 0.965302
792.9 0.965302
793 0.963971
793.1 0.9476
793.2 0.961815
793.3 0.965296
793.4 0.961457
793.5 0.965076
793.6 0.965464
793.7 0.965494
793.8 0.96549
793.9 0.964844
794 0.965518
794.1 0.964754
794.2 0.965497
794.3 0.965459
794.4 0.962412
794.5 0.964822
794.6 0.965621
794.7 0.965495
794.8 0.965541
794.9 0.964662
795 0.960908
795.1 0.965619
795.2 0.965418
795.3 0.960239
795.4 0.965244
795.5 0.965667
795.6 0.961909
795.7 0.965699
795.8 0.963822
795.9 0.965506
796 0.964467
796.1 0.951842
796.2 0.961881
796.3 0.952814
796.4 0.959716
796.5 0.946546
796.6 0.963476
796.7 0.959641
796.8 0.965797
796.9 0.965433
797 0.958144
797.1 0.962376
797.2 0.965748
797.3 0.964815
797.4 0.95681
797.5 0.965813
797.6 0.963493
797.7 0.96327
797.8 0.965671
797.9 0.964131
798 0.965141
798.1 0.965766
798.2 0.963419
798.3 0.962849
798.4 0.965213
798.5 0.965571
798.6 0.960957
798.7 0.959976
798.8 0.963443
798.9 0.963488
799 0.963665
799.1 0.965914
799.2 0.96603
799.3 0.961763
799.4 0.965269
799.5 0.965425
799.6 0.962589
799.7 0.965413
799.8 0.965127
799.9 0.964868
800 0.961307
800.1 0.959287
800.2 0.959156
800.3 0.956776
800.4 0.965624
800.5 0.964728
800.6 0.965117
800.7 0.963282
800.8 0.966191
800.9 0.963485
801 0.943741
801.1 0.966265
801.2 0.966389
801.3 0.963315
801.4 0.965402
801.5 0.952752
801.6 0.958768
801.7 0.964735
801.8 0.965924
801.9 0.965107
802 0.96233
802.1 0.965458
802.2 0.965812
802.3 0.960135
802.4 0.962913
802.5 0.958905
802.6 0.95954
802.7 0.963688
802.8 0.96332
802.9 0.96512
803 0.96181
803.1 0.956582
803.2 0.965079
803.3 0.965131
803.4 0.965196
803.5 0.966436
803.6 0.958132
803.7 0.962219
803.8 0.964491
803.9 0.958656
804 0.965578
804.1 0.966517
804.2 0.960904
804.3 0.965831
804.4 0.964524
804.5 0.959403
804.6 0.961734
804.7 0.962418
804.8 0.958669
804.9 0.965703
805 0.966818
805.1 0.964799
805.2 0.966712
805.3 0.966652
805.4 0.96662
805.5 0.962684
805.6 0.966249
805.7 0.963938
805.8 0.96631
805.9 0.96637
806 0.96691
806.1 0.965408
806.2 0.963321
806.3 0.966379
806.4 0.965146
806.5 0.963937
806.6 0.964775
806.7 0.96481
806.8 0.965538
806.9 0.966921
807 0.966274
807.1 0.966255
807.2 0.961216
807.3 0.963821
807.4 0.966809
807.5 0.966723
807.6 0.967008
807.7 0.965697
807.8 0.963899
807.9 0.965771
808 0.966872
808.1 0.964213
808.2 0.964873
808.3 0.965498
808.4 0.964726
808.5 0.965794
808.6 0.966947
808.7 0.960332
808.8 0.960146
808.9 0.966457
809 0.966445
809.1 0.965882
809.2 0.966457
809.3 0.960255
809.4 0.965899
809.5 0.966511
809.6 0.963155
809.7 0.961954
809.8 0.964025
809.9 0.959727
810 0.964795
810.1 0.959926
810.2 0.965984
810.3 0.965746
810.4 0.962363
810.5 0.962924
810.6 0.966125
810.7 0.963269
810.8 0.965366
810.9 0.963629
811 0.955241
811.1 0.962392
811.2 0.963801
811.3 0.961023
811.4 0.965297
811.5 0.958491
811.6 0.941515
811.7 0.963367
811.8 0.966429
811.9 0.966246
812 0.963057
812.1 0.955549
812.2 0.96581
812.3 0.956796
812.4 0.958649
812.5 0.950264
812.6 0.959186
812.7 0.960636
812.8 0.956819
812.9 0.954094
813 0.966649
813.1 0.966883
813.2 0.950025
813.3 0.932307
813.4 0.960631
813.5 0.958529
813.6 0.894316
813.7 0.91556
813.8 0.959547
813.9 0.944017
814 0.966303
814.1 0.961888
814.2 0.951349
814.3 0.912353
814.4 0.91015
814.5 0.964515
814.6 0.934511
814.7 0.958659
814.8 0.94728
814.9 0.929689
815 0.939338
815.1 0.91263
815.2 0.899015
815.3 0.966047
815.4 0.963437
815.5 0.911736
815.6 0.928537
815.7 0.855728
815.8 0.96281
815.9 0.962936
816 0.881312
816.1 0.961092
816.2 0.965884
816.3 0.957534
816.4 0.806142
816.5 0.867047
816.6 0.945654
816.7 0.80002
816.8 0.950044
816.9 0.961716
817 0.964602
817.1 0.896869
817.2 0.792763
817.3 0.958767
817.4 0.964235
817.5 0.961599
817.6 0.963389
817.7 0.9571
817.8 0.96402
817.9 0.801163
818 0.887196
818.1 0.861558
818.2 0.95649
818.3 0.96465
818.4 0.8733
818.5 0.950116
818.6 0.963479
818.7 0.965476
818.8 0.955221
818.9 0.896069
819 0.961037
819.1 0.900845
819.2 0.860486
819.3 0.963751
819.4 0.964067
819.5 0.855907
819.6 0.946963
819.7 0.965895
819.8 0.966681
819.9 0.96287
820 0.814187
820.1 0.942061
820.2 0.935527
820.3 0.911375
820.4 0.965314
820.5 0.967083
820.6 0.967288
820.7 0.959679
820.8 0.967465
820.9 0.96686
821 0.967415
821.1 0.966924
821.2 0.951489
821.3 0.957502
821.4 0.934488
821.5 0.960311
821.6 0.965569
821.7 0.960234
821.8 0.967357
821.9 0.965662
822 0.903849
822.1 0.95865
822.2 0.966834
822.3 0.965051
822.4 0.925672
822.5 0.965003
822.6 0.914309
822.7 0.955593
822.8 0.932088
822.9 0.814926
823 0.827809
823.1 0.754803
823.2 0.898705
823.3 0.913691
823.4 0.801509
823.5 0.964765
823.6 0.88383
823.7 0.952391
823.8 0.959196
823.9 0.962213
824 0.94123
824.1 0.96584
824.2 0.9438
824.3 0.96554
824.4 0.966628
824.5 0.946165
824.6 0.864128
824.7 0.966774
824.8 0.968087
824.9 0.964711
825 0.967817
825.1 0.966143
825.2 0.967797
825.3 0.967605
825.4 0.966928
825.5 0.93385
825.6 0.96747
825.7 0.966867
825.8 0.961935
825.9 0.844937
826 0.960694
826.1 0.967075
826.2 0.91162
826.3 0.963701
826.4 0.967215
826.5 0.964343
826.6 0.925629
826.7 0.964635
826.8 0.96816
826.9 0.967912
827 0.968632
827.1 0.963839
827.2 0.966759
827.3 0.967851
827.4 0.913635
827.5 0.958423
827.6 0.947034
827.7 0.858833
827.8 0.963627
827.9 0.894654
828 0.966917
828.1 0.962848
828.2 0.896197
828.3 0.966225
828.4 0.853236
828.5 0.957936
828.6 0.968086
828.7 0.968278
828.8 0.967552
828.9 0.965623
829 0.831068
829.1 0.952956
829.2 0.916542
829.3 0.966937
829.4 0.967811
829.5 0.968671
829.6 0.909813
829.7 0.904144
829.8 0.952233
829.9 0.968637
830 0.968071
830.1 0.967128
830.2 0.962086
830.3 0.902707
830.4 0.968252
830.5 0.967774
830.6 0.958683
830.7 0.846219
830.8 0.953138
830.9 0.966897
831 0.966171
831.1 0.967491
831.2 0.966447
831.3 0.965965
831.4 0.925301
831.5 0.966979
831.6 0.957695
831.7 0.968376
831.8 0.952187
831.9 0.947877
832 0.914297
832.1 0.947118
832.2 0.969073
832.3 0.941723
832.4 0.843741
832.5 0.968512
832.6 0.969585
832.7 0.969349
832.8 0.967643
832.9 0.961946
833 0.969143
833.1 0.963849
833.2 0.924085
833.3 0.96649
833.4 0.962767
833.5 0.96121
833.6 0.944572
833.7 0.965205
833.8 0.952081
833.9 0.96885
834 0.969211
834.1 0.90305
834.2 0.965162
834.3 0.969732
834.4 0.962125
834.5 0.960234
834.6 0.967986
834.7 0.968854
834.8 0.969352
834.9 0.968772
835 0.96703
835.1 0.959471
835.2 0.95514
835.3 0.969252
835.4 0.969601
835.5 0.965128
835.6 0.954151
835.7 0.962912
835.8 0.969707
835.9 0.946844
836 0.960045
836.1 0.970027
836.2 0.965333
836.3 0.97004
836.4 0.956265
836.5 0.954662
836.6 0.969735
836.7 0.969838
836.8 0.969635
836.9 0.965779
837 0.953017
837.1 0.969625
837.2 0.968263
837.3 0.967366
837.4 0.969958
837.5 0.969137
837.6 0.955609
837.7 0.966981
837.8 0.967215
837.9 0.952616
838 0.966808
838.1 0.969342
838.2 0.970411
838.3 0.970249
838.4 0.968036
838.5 0.969798
838.6 0.965122
838.7 0.965384
838.8 0.961326
838.9 0.967301
839 0.966749
839.1 0.969274
839.2 0.969104
839.3 0.970558
839.4 0.970496
839.5 0.970438
839.6 0.964154
839.7 0.96659
839.8 0.969957
839.9 0.967211
840 0.966571
840.1 0.970351
840.2 0.968129
840.3 0.968041
840.4 0.970518
840.5 0.969524
840.6 0.969289
840.7 0.96879
840.8 0.962147
840.9 0.970536
841 0.969737
841.1 0.95844
841.2 0.966347
841.3 0.969681
841.4 0.970282
841.5 0.970588
841.6 0.969976
841.7 0.969816
841.8 0.962577
841.9 0.969539
842 0.968626
842.1 0.963693
842.2 0.970604
842.3 0.970248
842.4 0.970531
842.5 0.970599
842.6 0.970557
842.7 0.970709
842.8 0.970355
842.9 0.970292
843 0.968783
843.1 0.970363
843.2 0.968861
843.3 0.965262
843.4 0.970691
843.5 0.970026
843.6 0.970592
843.7 0.969441
843.8 0.970124
843.9 0.963702
844 0.967959
844.1 0.970448
844.2 0.970402
844.3 0.969086
844.4 0.970802
844.5 0.967527
844.6 0.970855
844.7 0.969019
844.8 0.970268
844.9 0.970352
845 0.970651
845.1 0.970802
845.2 0.970253
845.3 0.970169
845.4 0.969544
845.5 0.970715
845.6 0.970869
845.7 0.970894
845.8 0.971041
845.9 0.970438
846 0.970942
846.1 0.971049
846.2 0.970221
846.3 0.966649
846.4 0.970793
846.5 0.969783
846.6 0.970644
846.7 0.97109
846.8 0.971079
846.9 0.971082
847 0.970906
847.1 0.970892
847.2 0.970469
847.3 0.971009
847.4 0.971064
847.5 0.971101
847.6 0.970679
847.7 0.970199
847.8 0.971119
847.9 0.971046
848 0.969458
848.1 0.970426
848.2 0.968027
848.3 0.970535
848.4 0.971098
848.5 0.970369
848.6 0.97116
848.7 0.971143
848.8 0.971143
848.9 0.967727
849 0.970864
849.1 0.970391
849.2 0.971167
849.3 0.971154
849.4 0.968739
849.5 0.971114
849.6 0.969961
849.7 0.971117
849.8 0.971099
849.9 0.969265
850 0.971134
850.1 0.971036
850.2 0.969692
850.3 0.971147
850.4 0.971152
850.5 0.969971
850.6 0.970558
850.7 0.971181
850.8 0.968328
850.9 0.971123
851 0.971213
851.1 0.971206
851.2 0.970463
851.3 0.971117
851.4 0.965981
851.5 0.967176
851.6 0.970452
851.7 0.971176
851.8 0.970053
851.9 0.970671
852 0.971003
852.1 0.970879
852.2 0.966697
852.3 0.971183
852.4 0.971198
852.5 0.969846
852.6 0.971085
852.7 0.970673
852.8 0.971142
852.9 0.969902
853 0.971283
853.1 0.971284
853.2 0.970245
853.3 0.971153
853.4 0.970578
853.5 0.971323
853.6 0.971256
853.7 0.969354
853.8 0.971239
853.9 0.969392
854 0.971282
854.1 0.971262
854.2 0.969808
854.3 0.966971
854.4 0.971276
854.5 0.971403
854.6 0.971344
854.7 0.971419
854.8 0.971034
854.9 0.970066
855 0.97124
855.1 0.971413
855.2 0.971181
855.3 0.971113
855.4 0.971508
855.5 0.971331
855.6 0.96912
855.7 0.970681
855.8 0.971039
855.9 0.970769
856 0.971573
856.1 0.971083
856.2 0.971575
856.3 0.971503
856.4 0.971581
856.5 0.970691
856.6 0.971649
856.7 0.971654
856.8 0.971678
856.9 0.97161
857 0.971673
857.1 0.970797
857.2 0.971679
857.3 0.97053
857.4 0.970997
857.5 0.970659
857.6 0.971028
857.7 0.971657
857.8 0.971188
857.9 0.971771
858 0.971752
858.1 0.971808
858.2 0.971839
858.3 0.97156
858.4 0.971496
858.5 0.97172
858.6 0.971819
858.7 0.97187
858.8 0.971913
858.9 0.971573
859 0.971875
859.1 0.971916
859.2 0.971932
859.3 0.970752
859.4 0.971331
859.5 0.971712
859.6 0.972002
859.7 0.971892
859.8 0.971985
859.9 0.972009
860 0.972033
860.1 0.972072
860.2 0.972104
860.3 0.971888
860.4 0.972079
860.5 0.972122
860.6 0.972161
860.7 0.972172
860.8 0.971797
860.9 0.972197
861 0.972028
861.1 0.972152
861.2 0.972033
861.3 0.971802
861.4 0.972239
861.5 0.972197
861.6 0.972294
861.7 0.972253
861.8 0.972225
861.9 0.9723
862 0.972282
862.1 0.97221
862.2 0.97217
862.3 0.972295
862.4 0.9721
862.5 0.972253
862.6 0.97242
862.7 0.972053
862.8 0.972326
862.9 0.97208
863 0.972251
863.1 0.972468
863.2 0.972304
863.3 0.972425
863.4 0.972321
863.5 0.972387
863.6 0.972545
863.7 0.972553
863.8 0.97243
863.9 0.972486
864 0.972507
864.1 0.972609
864.2 0.972553
864.3 0.972619
864.4 0.972652
864.5 0.972658
864.6 0.972675
864.7 0.97256
864.8 0.972695
864.9 0.972647
865 0.972711
865.1 0.972718
865.2 0.972652
865.3 0.972696
865.4 0.972622
865.5 0.972749
865.6 0.972756
865.7 0.972655
865.8 0.972616
865.9 0.972825
866 0.972842
866.1 0.972746
866.2 0.972772
866.3 0.972657
866.4 0.972885
866.5 0.972897
866.6 0.972839
866.7 0.972801
866.8 0.972722
866.9 0.972913
867 0.972929
867.1 0.972954
867.2 0.972814
867.3 0.972799
867.4 0.97299
867.5 0.972998
867.6 0.973005
867.7 0.972842
867.8 0.972885
867.9 0.973018
868 0.973035
868.1 0.973043
868.2 0.97305
868.3 0.973009
868.4 0.972985
868.5 0.973073
868.6 0.97308
868.7 0.973088
868.8 0.973073
868.9 0.973103
869 0.973082
869.1 0.973006
869.2 0.973001
869.3 0.973068
869.4 0.973099
869.5 0.973156
869.6 0.973148
869.7 0.973198
869.8 0.973217
869.9 0.973229
870 0.97322
870.1 0.973202
870.2 0.973212
870.3 0.973266
870.4 0.973244
870.5 0.973249
870.6 0.973292
870.7 0.973263
870.8 0.97331
870.9 0.97328
871 0.973208
871.1 0.973299
871.2 0.973333
871.3 0.973318
871.4 0.973339
871.5 0.973342
871.6 0.973375
871.7 0.973362
871.8 0.973403
871.9 0.973384
872 0.973401
872.1 0.973407
872.2 0.973439
872.3 0.973448
872.4 0.973428
872.5 0.973466
872.6 0.973459
872.7 0.973472
872.8 0.973481
872.9 0.973489
873 0.973504
873.1 0.973512
873.2 0.973479
873.3 0.973526
873.4 0.973534
873.5 0.973541
873.6 0.973548
873.7 0.973556
873.8 0.973298
873.9 0.97357
874 0.973556
874.1 0.973585
874.2 0.973592
874.3 0.973599
874.4 0.973607
874.5 0.973541
874.6 0.973621
874.7 0.973629
874.8 0.973636
874.9 0.973643
875 0.97365
875.1 0.973463
875.2 0.973665
875.3 0.973669
875.4 0.97368
875.5 0.973687
875.6 0.973694
875.7 0.973701
875.8 0.973709
875.9 0.973716
876 0.973709
876.1 0.973392
876.2 0.973682
876.3 0.973745
876.4 0.973613
876.5 0.973759
876.6 0.973764
876.7 0.973742
876.8 0.973781
876.9 0.973788
877 0.973715
877.1 0.9738
877.2 0.973598
877.3 0.973812
877.4 0.973824
877.5 0.973805
877.6 0.973839
877.7 0.973846
877.8 0.973853
877.9 0.97386
878 0.973867
878.1 0.973874
878.2 0.973806
878.3 0.973073
878.4 0.973889
878.5 0.973671
878.6 0.97391
878.7 0.973732
878.8 0.973694
878.9 0.973657
879 0.973904
879.1 0.973946
879.2 0.973953
879.3 0.97396
879.4 0.973967
879.5 0.973607
879.6 0.973982
879.7 0.973989
879.8 0.973996
879.9 0.974003
880 0.97401
880.1 0.974017
880.2 0.973147
880.3 0.973949
880.4 0.974038
880.5 0.974026
880.6 0.972535
880.7 0.974059
880.8 0.973813
880.9 0.974074
881 0.974081
881.1 0.974088
881.2 0.973897
881.3 0.974098
881.4 0.972046
881.5 0.974075
881.6 0.974123
881.7 0.97413
881.8 0.974138
881.9 0.974145
882 0.974152
882.1 0.973824
882.2 0.97273
882.3 0.972018
882.4 0.974149
882.5 0.973553
882.6 0.974194
882.7 0.974201
882.8 0.974208
882.9 0.974215
883 0.974222
883.1 0.974229
883.2 0.974226
883.3 0.973797
883.4 0.972236
883.5 0.974237
883.6 0.974255
883.7 0.974236
883.8 0.972591
883.9 0.97391
884 0.974255
884.1 0.973568
884.2 0.974057
884.3 0.974296
884.4 0.974304
884.5 0.97431
884.6 0.974316
884.7 0.974316
884.8 0.973454
884.9 0.974009
885 0.974155
885.1 0.974338
885.2 0.974346
885.3 0.97415
885.4 0.974262
885.5 0.972261
885.6 0.974348
885.7 0.974373
885.8 0.974369
885.9 0.974181
886 0.967619
886.1 0.969174
886.2 0.974142
886.3 0.974395
886.4 0.974415
886.5 0.974422
886.6 0.974427
886.7 0.9744
886.8 0.973888
886.9 0.970319
887 0.974413
887.1 0.973791
887.2 0.973773
887.3 0.974453
887.4 0.97445
887.5 0.973811
887.6 0.974483
887.7 0.974494
887.8 0.974499
887.9 0.974492
888 0.973886
888.1 0.973623
888.2 0.963137
888.3 0.974396
888.4 0.97337
888.5 0.972922
888.6 0.974536
888.7 0.974553
888.8 0.974558
888.9 0.97435
889 0.974477
889.1 0.974538
889.2 0.974447
889.3 0.97459
889.4 0.974596
889.5 0.974593
889.6 0.973813
889.7 0.973117
889.8 0.974524
889.9 0.970512
890 0.974511
890.1 0.973223
890.2 0.974083
890.3 0.969867
890.4 0.974479
890.5 0.974655
890.6 0.974672
890.7 0.974678
890.8 0.974676
890.9 0.974515
891 0.970376
891.1 0.974645
891.2 0.974691
891.3 0.973367
891.4 0.973642
891.5 0.974712
891.6 0.974727
891.7 0.974714
891.8 0.972354
891.9 0.974195
892 0.963381
892.1 0.974502
892.2 0.97093
892.3 0.973202
892.4 0.974043
892.5 0.974534
892.6 0.974375
892.7 0.97425
892.8 0.974749
892.9 0.970547
893 0.974393
893.1 0.964277
893.2 0.957693
893.3 0.953528
893.4 0.97216
893.5 0.972115
893.6 0.964644
893.7 0.954498
893.8 0.970619
893.9 0.974602
894 0.974003
894.1 0.974756
894.2 0.973479
894.3 0.947793
894.4 0.971041
894.5 0.955148
894.6 0.974223
894.7 0.969868
894.8 0.973729
894.9 0.922659
895 0.973392
895.1 0.946978
895.2 0.973004
895.3 0.966658
895.4 0.950996
895.5 0.937588
895.6 0.971823
895.7 0.846713
895.8 0.948424
895.9 0.971511
896 0.969585
896.1 0.941078
896.2 0.974175
896.3 0.972077
896.4 0.968179
896.5 0.830331
896.6 0.892866
896.7 0.969726
896.8 0.858653
896.9 0.907262
897 0.973305
897.1 0.970669
897.2 0.969773
897.3 0.954292
897.4 0.777459
897.5 0.945258
897.6 0.967858
897.7 0.861891
897.8 0.969335
897.9 0.947724
898 0.973855
898.1 0.973607
898.2 0.968539
898.3 0.751161
898.4 0.955819
898.5 0.973241
898.6 0.9735
898.7 0.971011
898.8 0.969733
898.9 0.820134
899 0.723638
899.1 0.907255
899.2 0.88042
899.3 0.812999
899.4 0.712169
899.5 0.90837
899.6 0.959604
899.7 0.972651
899.8 0.971904
899.9 0.973585
900 0.972428
900.1 0.96912
900.2 0.946951
900.3 0.667724
900.4 0.964052
900.5 0.969223
900.6 0.771138
900.7 0.948105
900.8 0.968222
900.9 0.940869
901 0.837574
901.1 0.956634
901.2 0.954496
901.3 0.970176
901.4 0.819984
901.5 0.944768
901.6 0.966208
901.7 0.97214
901.8 0.965291
901.9 0.626218
902 0.932799
902.1 0.957412
902.2 0.972017
902.3 0.969778
902.4 0.968396
902.5 0.782277
902.6 0.962651
902.7 0.965322
902.8 0.772338
902.9 0.910625
903 0.971755
903.1 0.971155
903.2 0.942114
903.3 0.96726
903.4 0.886501
903.5 0.969334
903.6 0.974261
903.7 0.963643
903.8 0.972305
903.9 0.974776
904 0.974744
904.1 0.974085
904.2 0.966229
904.3 0.95441
904.4 0.963349
904.5 0.885699
904.6 0.967494
904.7 0.974547
904.8 0.974679
904.9 0.974435
905 0.950525
905.1 0.964458
905.2 0.974639
905.3 0.96942
905.4 0.960109
905.5 0.902527
905.6 0.929954
905.7 0.971208
905.8 0.97473
905.9 0.973728
906 0.971985
906.1 0.972723
906.2 0.972136
906.3 0.884732
906.4 0.954719
906.5 0.911225
906.6 0.93699
906.7 0.942642
906.8 0.96785
906.9 0.973764
907 0.9678
907.1 0.92106
907.2 0.789952
907.3 0.968196
907.4 0.822478
907.5 0.880736
907.6 0.952832
907.7 0.867141
907.8 0.972726
907.9 0.97422
908 0.974233
908.1 0.948145
908.2 0.792386
908.3 0.931773
908.4 0.822247
908.5 0.971826
908.6 0.972036
908.7 0.97359
908.8 0.952322
908.9 0.788744
909 0.842321
909.1 0.971298
909.2 0.93676
909.3 0.944971
909.4 0.971815
909.5 0.900964
909.6 0.896808
909.7 0.958156
909.8 0.921692
909.9 0.973358
910 0.969993
910.1 0.927428
910.2 0.804847
910.3 0.854853
910.4 0.96459
910.5 0.974019
910.6 0.973484
910.7 0.969684
910.8 0.834514
910.9 0.917515
911 0.869911
911.1 0.894362
911.2 0.972819
911.3 0.968637
911.4 0.973209
911.5 0.966269
911.6 0.971944
911.7 0.971015
911.8 0.943516
911.9 0.950134
912 0.903047
912.1 0.763503
912.2 0.899194
912.3 0.965715
912.4 0.97397
912.5 0.974864
912.6 0.967878
912.7 0.932474
912.8 0.971703
912.9 0.969158
913 0.9336
913.1 0.90118
913.2 0.896103
913.3 0.763571
913.4 0.95705
913.5 0.928109
913.6 0.97072
913.7 0.880664
913.8 0.896957
913.9 0.700477
914 0.898632
914.1 0.972978
914.2 0.968372
914.3 0.95271
914.4 0.963686
914.5 0.961368
914.6 0.952205
914.7 0.934712
914.8 0.968294
914.9 0.964052
915 0.970206
915.1 0.959721
915.2 0.958256
915.3 0.915098
915.4 0.928904
915.5 0.825121
915.6 0.849916
915.7 0.962976
915.8 0.675333
915.9 0.901876
916 0.96911
916.1 0.970384
916.2 0.958275
916.3 0.892701
916.4 0.965798
916.5 0.953978
916.6 0.957183
916.7 0.955548
916.8 0.975362
916.9 0.973881
917 0.909953
917.1 0.935247
917.2 0.950798
917.3 0.965864
917.4 0.955135
917.5 0.912262
917.6 0.930526
917.7 0.754919
917.8 0.86194
917.9 0.879458
918 0.942198
918.1 0.937344
918.2 0.96833
918.3 0.971803
918.4 0.939606
918.5 0.96898
918.6 0.952255
918.7 0.839701
918.8 0.92529
918.9 0.965321
919 0.969145
919.1 0.974925
919.2 0.975131
919.3 0.956204
919.4 0.962548
919.5 0.919167
919.6 0.97434
919.7 0.971689
919.8 0.819862
919.9 0.932811
920 0.973021
920.1 0.973019
920.2 0.96498
920.3 0.973693
920.4 0.974741
920.5 0.976393
920.6 0.975168
920.7 0.970875
920.8 0.944253
920.9 0.954907
921 0.948707
921.1 0.949161
921.2 0.972192
921.3 0.972382
921.4 0.975169
921.5 0.940168
921.6 0.968396
921.7 0.903461
921.8 0.961764
921.9 0.961499
922 0.871686
922.1 0.975274
922.2 0.973961
922.3 0.972353
922.4 0.9685
922.5 0.95789
922.6 0.975895
922.7 0.947925
922.8 0.934354
922.9 0.976035
923 0.974948
923.1 0.959713
923.2 0.954906
923.3 0.956145
923.4 0.966791
923.5 0.947767
923.6 0.973819
923.7 0.934337
923.8 0.951107
923.9 0.972432
924 0.958587
924.1 0.920506
924.2 0.944613
924.3 0.956039
924.4 0.975533
924.5 0.957707
924.6 0.954984
924.7 0.921979
924.8 0.960139
924.9 0.904543
925 0.974664
925.1 0.975122
925.2 0.94993
925.3 0.964235
925.4 0.909901
925.5 0.968612
925.6 0.963676
925.7 0.956337
925.8 0.966706
925.9 0.970156
926 0.971922
926.1 0.969673
926.2 0.95354
926.3 0.90356
926.4 0.952658
926.5 0.943
926.6 0.962667
926.7 0.974986
926.8 0.9734
926.9 0.958689
927 0.973018
927.1 0.970342
927.2 0.952613
927.3 0.962703
927.4 0.971999
927.5 0.94259
927.6 0.926018
927.7 0.964597
927.8 0.943626
927.9 0.957485
928 0.947242
928.1 0.815037
928.2 0.878272
928.3 0.897646
928.4 0.963435
928.5 0.944733
928.6 0.969812
928.7 0.867652
928.8 0.884098
928.9 0.858489
929 0.95697
929.1 0.919524
929.2 0.927666
929.3 0.961246
929.4 0.886182
929.5 0.949821
929.6 0.906779
929.7 0.861548
929.8 0.836639
929.9 0.956395
930 0.791178
930.1 0.874353
930.2 0.966143
930.3 0.726346
930.4 0.792382
930.5 0.92999
930.6 0.796926
930.7 0.866136
930.8 0.962982
930.9 0.953306
931 0.818614
931.1 0.687278
931.2 0.472511
931.3 0.931421
931.4 0.872048
931.5 0.944166
931.6 0.947536
931.7 0.906629
931.8 0.616697
931.9 0.258817
932 0.747787
932.1 0.849128
932.2 0.676808
932.3 0.867474
932.4 0.935509
932.5 0.762995
932.6 0.696312
932.7 0.587485
932.8 0.31929
932.9 0.914149
933 0.664646
933.1 0.839291
933.2 0.949607
933.3 0.866835
933.4 0.715713
933.5 0.920201
933.6 0.456041
933.7 0.48263
933.8 0.80777
933.9 0.748974
934 0.756074
934.1 0.691401
934.2 0.464545
934.3 0.906433
934.4 0.879069
934.5 0.298092
934.6 0.38069
934.7 0.426873
934.8 0.325367
934.9 0.792698
935 0.90206
935.1 0.935067
935.2 0.94723
935.3 0.856119
935.4 0.942076
935.5 0.829108
935.6 0.380603
935.7 0.304877
935.8 0.823861
935.9 0.886676
936 0.354494
936.1 0.283044
936.2 0.833167
936.3 0.903578
936.4 0.846707
936.5 0.940826
936.6 0.915068
936.7 0.696525
936.8 0.727082
936.9 0.482712
937 0.863501
937.1 0.889657
937.2 0.423821
937.3 0.750092
937.4 0.212885
937.5 0.801214
937.6 0.887313
937.7 0.924204
937.8 0.815921
937.9 0.904208
938 0.400209
938.1 0.783719
938.2 0.712654
938.3 0.714027
938.4 0.341953
938.5 0.807831
938.6 0.875776
938.7 0.942784
938.8 0.92836
938.9 0.478356
939 0.572312
939.1 0.929854
939.2 0.960725
939.3 0.949729
939.4 0.84251
939.5 0.938495
939.6 0.962907
939.7 0.900084
939.8 0.959861
939.9 0.899447
940 0.96395
940.1 0.868202
940.2 0.724317
940.3 0.833943
940.4 0.795189
940.5 0.886927
940.6 0.872878
940.7 0.890149
940.8 0.93585
940.9 0.873435
941 0.903521
941.1 0.926471
941.2 0.804079
941.3 0.480505
941.4 0.871929
941.5 0.929998
941.6 0.882235
941.7 0.908011
941.8 0.95684
941.9 0.921329
942 0.546841
942.1 0.877349
942.2 0.95048
942.3 0.903305
942.4 0.72975
942.5 0.860636
942.6 0.950273
942.7 0.935738
942.8 0.913698
942.9 0.511758
943 0.476819
943.1 0.328438
943.2 0.873296
943.3 0.540289
943.4 0.888071
943.5 0.947556
943.6 0.952938
943.7 0.954495
943.8 0.9524
943.9 0.928823
944 0.531101
944.1 0.643561
944.2 0.891521
944.3 0.381594
944.4 0.428994
944.5 0.76531
944.6 0.550615
944.7 0.817754
944.8 0.891992
944.9 0.768438
945 0.960982
945.1 0.95276
945.2 0.833551
945.3 0.788382
945.4 0.953762
945.5 0.945104
945.6 0.904
945.7 0.440983
945.8 0.832712
945.9 0.513637
946 0.904958
946.1 0.936776
946.2 0.726427
946.3 0.431703
946.4 0.433498
946.5 0.92537
946.6 0.948889
946.7 0.879164
946.8 0.791475
946.9 0.950765
947 0.85107
947.1 0.750857
947.2 0.598209
947.3 0.84156
947.4 0.957022
947.5 0.951135
947.6 0.936884
947.7 0.638209
947.8 0.757867
947.9 0.821192
948 0.955376
948.1 0.946435
948.2 0.877796
948.3 0.454967
948.4 0.356695
948.5 0.620044
948.6 0.931778
948.7 0.945226
948.8 0.908554
948.9 0.865144
949 0.848458
949.1 0.965653
949.2 0.943154
949.3 0.954691
949.4 0.92713
949.5 0.932842
949.6 0.603273
949.7 0.326585
949.8 0.894709
949.9 0.897873
950 0.561441
950.1 0.903839
950.2 0.731791
950.3 0.527995
950.4 0.279554
950.5 0.84772
950.6 0.946143
950.7 0.934139
950.8 0.867159
950.9 0.940573
951 0.950994
951.1 0.935388
951.2 0.957479
951.3 0.897958
951.4 0.954114
951.5 0.909869
951.6 0.881426
951.7 0.876871
951.8 0.951445
951.9 0.716692
952 0.512246
952.1 0.891614
952.2 0.639233
952.3 0.875914
952.4 0.853936
952.5 0.321449
952.6 0.869312
952.7 0.920547
952.8 0.719492
952.9 0.940063
953 0.83979
953.1 0.64281
953.2 0.782514
953.3 0.962496
953.4 0.862228
953.5 0.960984
953.6 0.901325
953.7 0.95012
953.8 0.819581
953.9 0.654447
954 0.959728
954.1 0.834251
954.2 0.962378
954.3 0.861885
954.4 0.814731
954.5 0.948308
954.6 0.735332
954.7 0.379761
954.8 0.861355
954.9 0.854833
955 0.938733
955.1 0.848984
955.2 0.943967
955.3 0.911298
955.4 0.944555
955.5 0.939392
955.6 0.554212
955.7 0.685413
955.8 0.938075
955.9 0.804421
956 0.556385
956.1 0.85014
956.2 0.958153
956.3 0.968704
956.4 0.965623
956.5 0.744644
956.6 0.851232
956.7 0.814198
956.8 0.690907
956.9 0.558779
957 0.908565
957.1 0.87595
957.2 0.842924
957.3 0.893105
957.4 0.755981
957.5 0.945493
957.6 0.966812
957.7 0.966976
957.8 0.939681
957.9 0.960866
958 0.893117
958.1 0.969333
958.2 0.81115
958.3 0.711742
958.4 0.560285
958.5 0.921118
958.6 0.955297
958.7 0.953656
958.8 0.942847
958.9 0.915601
959 0.864826
959.1 0.773432
959.2 0.665388
959.3 0.790818
959.4 0.766807
959.5 0.667926
959.6 0.949811
959.7 0.772658
959.8 0.934307
959.9 0.923175
960 0.861536
960.1 0.821021
960.2 0.858132
960.3 0.940845
960.4 0.925902
960.5 0.974236
960.6 0.936471
960.7 0.838945
960.8 0.692819
960.9 0.836637
961 0.939536
961.1 0.877628
961.2 0.942601
961.3 0.796935
961.4 0.969028
961.5 0.968934
961.6 0.969171
961.7 0.885207
961.8 0.716508
961.9 0.970745
962 0.961951
962.1 0.809072
962.2 0.951514
962.3 0.830102
962.4 0.701845
962.5 0.773004
962.6 0.944024
962.7 0.898194
962.8 0.849994
962.9 0.75005
963 0.966367
963.1 0.890758
963.2 0.955371
963.3 0.954772
963.4 0.972503
963.5 0.975156
963.6 0.958076
963.7 0.966689
963.8 0.910132
963.9 0.782698
964 0.618455
964.1 0.924773
964.2 0.971022
964.3 0.802388
964.4 0.959008
964.5 0.972566
964.6 0.931432
964.7 0.948279
964.8 0.599399
964.9 0.806515
965 0.968415
965.1 0.912751
965.2 0.94887
965.3 0.95766
965.4 0.962099
965.5 0.893358
965.6 0.9303
965.7 0.904062
965.8 0.962191
965.9 0.945123
966 0.892542
966.1 0.973422
966.2 0.920836
966.3 0.909529
966.4 0.882935
966.5 0.702273
966.6 0.910114
966.7 0.844625
966.8 0.953869
966.9 0.945667
967 0.903908
967.1 0.958748
967.2 0.950825
967.3 0.737112
967.4 0.960627
967.5 0.975698
967.6 0.977654
967.7 0.976819
967.8 0.975515
967.9 0.974887
968 0.976723
968.1 0.976569
968.2 0.967254
968.3 0.737818
968.4 0.91453
968.5 0.958639
968.6 0.976131
968.7 0.968227
968.8 0.97241
968.9 0.947608
969 0.977394
969.1 0.958305
969.2 0.972885
969.3 0.96956
969.4 0.956006
969.5 0.931576
969.6 0.975389
969.7 0.955832
969.8 0.968334
969.9 0.978084
970 0.975542
970.1 0.938063
970.2 0.968851
970.3 0.944249
970.4 0.797894
970.5 0.968599
970.6 0.977687
970.7 0.977656
970.8 0.965405
970.9 0.978367
971 0.978011
971.1 0.961675
971.2 0.917516
971.3 0.976023
971.4 0.97592
971.5 0.969306
971.6 0.975632
971.7 0.969533
971.8 0.779196
971.9 0.967492
972 0.975507
972.1 0.977655
972.2 0.974508
972.3 0.97403
972.4 0.976836
972.5 0.971528
972.6 0.864195
972.7 0.891676
972.8 0.970054
972.9 0.961951
973 0.963985
973.1 0.962811
973.2 0.973996
973.3 0.918024
973.4 0.964407
973.5 0.977667
973.6 0.976243
973.7 0.9459
973.8 0.85248
973.9 0.826369
974 0.897396
974.1 0.944302
974.2 0.971336
974.3 0.975314
974.4 0.969749
974.5 0.96878
974.6 0.735051
974.7 0.959219
974.8 0.965957
974.9 0.974621
975 0.973586
975.1 0.966763
975.2 0.759375
975.3 0.969877
975.4 0.976783
975.5 0.973408
975.6 0.905045
975.7 0.895184
975.8 0.957775
975.9 0.952311
976 0.79085
976.1 0.913058
976.2 0.969402
976.3 0.977243
976.4 0.953476
976.5 0.894316
976.6 0.863509
976.7 0.959321
976.8 0.907495
976.9 0.975699
977 0.97809
977.1 0.949691
977.2 0.974319
977.3 0.979035
977.4 0.978371
977.5 0.976658
977.6 0.960361
977.7 0.920289
977.8 0.974488
977.9 0.95079
978 0.953004
978.1 0.972641
978.2 0.900917
978.3 0.974553
978.4 0.973692
978.5 0.798723
978.6 0.962697
978.7 0.978219
978.8 0.976098
978.9 0.972944
979 0.930075
979.1 0.977618
979.2 0.967466
979.3 0.964199
979.4 0.872901
979.5 0.962108
979.6 0.830027
979.7 0.971625
979.8 0.960716
979.9 0.97848
980 0.977821
980.1 0.975334
980.2 0.898903
980.3 0.973752
980.4 0.872358
980.5 0.94528
980.6 0.927519
980.7 0.978389
980.8 0.973469
980.9 0.976179
981 0.97944
981.1 0.967678
981.2 0.978654
981.3 0.974719
981.4 0.979337
981.5 0.968409
981.6 0.94483
981.7 0.978127
981.8 0.96601
981.9 0.963799
982 0.959325
982.1 0.96989
982.2 0.979357
982.3 0.979717
982.4 0.961047
982.5 0.971674
982.6 0.974203
982.7 0.959646
982.8 0.886431
982.9 0.951562
983 0.975823
983.1 0.979411
983.2 0.978641
983.3 0.978192
983.4 0.965285
983.5 0.9337
983.6 0.979118
983.7 0.979479
983.8 0.973133
983.9 0.97482
984 0.978344
984.1 0.976654
984.2 0.979009
984.3 0.972785
984.4 0.979603
984.5 0.948907
984.6 0.974377
984.7 0.956961
984.8 0.975688
984.9 0.972165
985 0.973547
985.1 0.972731
985.2 0.926054
985.3 0.971246
985.4 0.976967
985.5 0.978305
985.6 0.97672
985.7 0.978266
985.8 0.978667
985.9 0.977029
986 0.973163
986.1 0.979767
986.2 0.980048
986.3 0.978612
986.4 0.977609
986.5 0.980141
986.6 0.980079
986.7 0.979402
986.8 0.97351
986.9 0.979557
987 0.976298
987.1 0.973947
987.2 0.976481
987.3 0.966874
987.4 0.979663
987.5 0.979669
987.6 0.95919
987.7 0.966482
987.8 0.979639
987.9 0.980198
988 0.979924
988.1 0.972287
988.2 0.978249
988.3 0.978675
988.4 0.979586
988.5 0.980247
988.6 0.98011
988.7 0.978326
988.8 0.979378
988.9 0.979441
989 0.980016
989.1 0.978707
989.2 0.979523
989.3 0.979294
989.4 0.978618
989.5 0.980116
989.6 0.978686
989.7 0.976743
989.8 0.978189
989.9 0.976604
990 0.976786
990.1 0.978143
990.2 0.966399
990.3 0.974856
990.4 0.977479
990.5 0.979684
990.6 0.980135
990.7 0.980149
990.8 0.978175
990.9 0.980176
991 0.980077
991.1 0.974843
991.2 0.979989
991.3 0.977752
991.4 0.979526
991.5 0.979724
991.6 0.979987
991.7 0.980036
991.8 0.978258
991.9 0.980213
992 0.980292
992.1 0.980293
992.2 0.97867
992.3 0.976659
992.4 0.980254
992.5 0.980127
992.6 0.978987
992.7 0.980059
992.8 0.980089
992.9 0.96797
993 0.973754
993.1 0.97971
993.2 0.977724
993.3 0.979661
993.4 0.978716
993.5 0.979992
993.6 0.980335
993.7 0.978646
993.8 0.980035
993.9 0.979808
994 0.980425
994.1 0.98043
994.2 0.979418
994.3 0.979561
994.4 0.978095
994.5 0.980357
994.6 0.980448
994.7 0.980419
994.8 0.980417
994.9 0.980245
995 0.980405
995.1 0.980486
995.2 0.980475
995.3 0.979201
995.4 0.979718
995.5 0.979802
995.6 0.980179
995.7 0.980494
995.8 0.979044
995.9 0.98031
996 0.97857
996.1 0.980229
996.2 0.980555
996.3 0.980564
996.4 0.980146
996.5 0.980391
996.6 0.980587
996.7 0.980469
996.8 0.980371
996.9 0.98025
997 0.977376
997.1 0.980519
997.2 0.98008
997.3 0.980522
997.4 0.980449
997.5 0.98063
997.6 0.980634
997.7 0.980367
997.8 0.980603
997.9 0.980474
998 0.97646
998.1 0.980585
998.2 0.980472
998.3 0.980664
998.4 0.980668
998.5 0.980673
998.6 0.980619
998.7 0.977921
998.8 0.980664
998.9 0.980001
999 0.980689
999.1 0.98021
999.2 0.979601
999.3 0.980562
999.4 0.980697
999.5 0.980288
999.6 0.975753
999.7 0.980353
999.8 0.980492
999.9 0.980759
1000 0.980314
